387.083
414.241
438.736
447.970
465.759
470.151
474.896
479.111
480.437
481.373
483.991
487.599
490.056
492.367
494.680
497.064
502.248
503.398
504.396
506.959
508.136
509.012
510.507
511.810
513.095
514.830
515.603
516.179
516.931
518.004
518.803
519.356
519.848
520.835
521.520
522.464
523.703
525.009
526.339
527.242
527.834
528.689
530.236
531.429
532.252
533.019
534.024
535.872
538.640
539.306
540.229
541.778
543.578
544.720
550.272
551.453
552.032
552.618
553.392
558.227
561.787
563.410
566.161
574.481
586.005
588.343
596.003
599.817
604.017
605.921
612.367
613.911
616.154
619.492
623.990
625.990
629.165
636.542
645.249
651.003
655.497
661.661
672.871
678.941
684.468
688.831
697.679
700.063
706.923
710.194
719.872
731.469
743.793
768.367
787.818
799.919
812.295
835.387
895.885
921.896
