812.343
1280.045
1735.823
1871.717
1893.288
1914.551
1947.726
1999.979
2033.708
2069.128
2089.594
2113.096
2135.701
2151.504
2172.209
2199.515
2214.945
2222.841
2239.625
2254.646
2263.309
2271.184
2284.379
2291.909
2301.819
2313.837
2321.131
2333.767
2350.158
2366.895
2384.748
2394.929
2411.140
2424.154
2434.498
2446.246
2458.916
2469.001
2480.084
2489.186
2497.740
2509.825
2515.861
2523.616
2529.098
2537.528
2543.173
2549.589
2555.445
2560.215
2566.076
2573.406
2579.064
2583.617
2588.225
2592.874
2599.791
2608.083
2612.888
2622.151
2636.106
2646.245
2656.651
2666.907
2682.013
2696.255
2713.773
2723.864
2735.286
2747.492
2759.874
2773.462
2786.513
2808.120
2828.811
2845.927
2856.917
2876.695
2890.541
2920.686
2944.872
2965.401
2985.733
3004.714
3046.723
3079.638
3104.928
3179.216
3262.635
3332.364
3457.182
3573.432
3770.703
4023.547
4209.538
4942.857
5724.584
8880.894
14533.571
18152.527
