526.672
587.987
1017.742
1340.162
1347.266
1349.038
1362.521
1369.310
1373.561
1380.142
1387.510
1391.003
1397.265
1401.042
1404.181
1408.506
1415.019
1420.671
1426.586
1429.132
1430.670
1434.260
1437.244
1443.952
1445.914
1447.397
1450.098
1452.879
1455.850
1457.512
1459.270
1461.927
1463.564
1465.313
1467.970
1471.348
1476.243
1478.109
1483.122
1487.388
1491.404
1493.586
1495.274
1500.518
1506.741
1511.221
1515.522
1521.740
1532.405
1537.780
1545.777
1567.321
1575.750
1583.027
1589.241
1597.797
1606.813
1613.873
1632.079
1638.885
1652.942
1665.380
1676.197
1682.062
1690.333
1694.028
1696.809
1698.777
1700.531
1702.152
1705.214
1708.346
1713.454
1717.532
1719.471
1722.239
1727.817
1732.356
1735.591
1739.681
1744.539
1749.934
1753.506
1759.057
1764.255
1768.386
1770.948
1772.284
1776.992
1784.928
1790.173
1795.965
1807.753
1818.916
1828.243
1840.113
1844.470
1863.824
1873.091
1880.695
