6.790
46.395
66.720
88.279
98.261
120.917
131.136
136.998
151.326
167.698
176.525
201.576
216.840
228.468
234.764
245.727
256.338
266.527
283.838
296.199
304.685
317.855
329.412
339.562
346.934
365.064
383.343
390.353
397.078
401.779
410.060
418.567
422.601
436.977
442.026
463.546
472.986
479.776
499.110
512.547
514.617
536.092
545.808
552.777
572.837
579.795
591.692
595.941
619.734
632.901
655.912
668.027
689.854
707.712
730.697
742.729
747.451
756.635
766.944
777.455
784.372
805.245
845.884
866.277
873.321
876.680
894.631
907.770
917.505
950.391
955.885
958.216
975.004
976.496
1057.369
1070.641
1077.240
1090.047
1111.196
1129.092
1138.424
1142.934
1161.495
1174.575
1236.030
1237.468
1240.566
1256.984
1275.431
1291.091
1301.769
1389.485
1466.285
1479.968
1502.381
1503.774
1884.829
1931.677
1967.776
2006.448
