198.034
262.388
281.682
289.123
293.098
296.161
297.228
298.514
299.496
300.169
300.461
300.731
300.834
301.004
301.051
301.246
301.502
301.731
302.011
302.113
302.214
302.307
302.343
302.479
302.550
302.634
302.723
302.813
302.989
303.120
303.301
303.522
303.687
303.840
303.890
303.929
304.030
304.118
304.201
304.308
304.415
304.441
304.578
304.644
304.762
304.879
304.972
305.049
305.125
305.273
305.357
305.643
305.776
305.953
306.271
306.452
306.615
306.801
306.927
307.438
307.929
308.310
308.497
308.899
309.066
309.506
310.091
310.697
310.951
311.111
311.429
311.789
312.122
312.611
313.451
314.594
315.889
319.270
320.970
321.371
321.609
321.692
321.755
321.968
322.226
322.898
323.783
324.634
324.919
325.521
327.375
334.548
336.827
337.667
337.915
338.277
339.371
350.664
366.682
410.595
