5.785
11.128
12.078
16.895
20.590
23.136
27.455
29.564
31.289
33.420
35.702
37.925
41.112
43.389
45.881
47.709
51.462
53.660
56.460
57.582
60.070
63.497
66.046
67.647
69.801
72.613
74.504
77.702
80.699
82.871
83.869
86.468
88.733
91.211
94.082
95.831
96.570
99.742
101.727
104.073
105.747
110.012
113.391
114.932
117.472
118.267
120.052
120.961
122.198
123.385
125.311
125.808
129.287
131.324
132.552
134.974
137.086
139.493
140.981
147.264
156.181
164.393
172.107
173.466
176.836
179.930
182.384
183.230
192.940
194.109
196.409
204.085
207.532
210.275
210.586
217.102
221.004
223.066
225.047
225.923
251.778
252.322
261.050
264.701
267.406
270.298
279.369
279.987
280.398
309.258
309.939
312.750
319.509
321.153
330.308
331.959
375.579
377.239
378.155
379.984
