268.181
284.587
292.713
294.316
295.177
296.522
297.730
297.934
298.984
300.141
300.473
301.468
302.369
302.654
303.399
304.107
304.972
305.261
305.744
306.837
307.301
307.408
307.540
307.753
307.836
307.937
308.079
308.315
308.920
309.965
310.418
310.536
310.646
310.782
310.919
311.101
311.182
311.368
311.545
311.715
312.033
312.347
312.878
313.856
314.211
314.481
314.951
315.170
315.369
315.691
317.170
318.315
319.079
320.087
320.816
321.289
321.586
322.174
322.708
323.019
323.336
323.872
324.758
325.594
326.049
327.994
329.627
329.943
330.476
331.400
332.589
335.378
337.263
342.414
345.879
346.944
350.941
351.777
354.140
355.188
356.185
358.202
364.989
366.770
369.197
374.902
376.712
378.350
379.480
380.994
382.241
383.452
384.324
385.403
387.033
390.268
394.038
399.448
