584.714
637.058
1163.527
1386.185
1394.630
1397.669
1403.926
1413.632
1425.600
1430.755
1434.011
1436.033
1439.809
1442.252
1447.748
1449.700
1450.943
1454.116
1457.039
1458.682
1460.557
1461.673
1462.798
1466.478
1471.286
1476.258
1479.824
1481.135
1483.360
1485.946
1490.452
1493.410
1500.130
1505.611
1507.051
1512.903
1514.994
1523.893
1527.390
1530.799
1534.709
1538.186
1541.863
1543.612
1547.217
1551.440
1554.752
1562.325
1567.370
1572.869
1583.489
1591.035
1599.162
1608.400
1625.597
1631.636
1637.655
1647.068
1657.805
1669.953
1676.578
1684.833
1687.306
1688.864
1694.672
1701.279
1707.617
1714.962
1719.335
1726.782
1736.521
1741.725
1744.887
1748.805
1752.875
1755.603
1765.124
1772.542
1777.340
1783.216
1788.836
1791.959
1795.468
1798.463
1802.246
1806.883
1814.705
1824.321
1838.128
1845.245
1850.738
1863.339
1880.923
1888.885
1899.495
1921.179
1944.947
1983.979
2032.557
2075.888
