2916.614
5273.456
5311.793
5341.325
5367.839
5386.819
5406.495
5419.759
5431.809
5442.321
5455.171
5466.998
5475.847
5486.381
5495.441
5504.736
5515.946
5526.518
5536.314
5547.080
5555.583
5563.270
5573.957
5582.549
5589.068
5598.734
5606.209
5612.626
5620.420
5626.724
5633.408
5638.291
5645.004
5648.999
5657.317
5662.586
5671.205
5678.077
5684.281
5693.858
5698.238
5706.511
5713.238
5719.950
5725.771
5731.312
5737.339
5744.420
5751.326
5758.602
5764.806
5769.575
5775.969
5779.854
5784.735
5789.035
5792.253
5797.088
5801.435
5805.965
5810.552
5814.453
5818.711
5823.600
5827.163
5831.622
5836.135
5839.532
5842.521
5846.524
5850.679
5854.026
5859.551
5864.311
5869.129
5875.252
5880.829
5887.138
5894.144
5900.087
5910.860
5916.926
5926.784
5937.348
5949.169
5960.841
5976.077
5992.964
6006.719
6026.620
6052.175
6073.785
6094.479
6127.280
6152.310
6167.975
6215.751
6255.099
6320.565
6444.136
