666.786
1224.287
1697.514
1872.542
1904.046
1924.342
1936.848
1951.594
1960.252
1973.873
1984.018
1998.035
2015.492
2024.565
2032.003
2042.508
2053.100
2059.335
2065.836
2069.950
2076.657
2082.700
2087.773
2091.925
2100.167
2108.041
2115.927
2119.518
2123.604
2130.359
2137.653
2140.941
2146.528
2153.398
2158.425
2164.373
2170.805
2174.641
2178.386
2180.874
2186.643
2192.297
2195.623
2197.812
2199.903
2203.303
2205.445
2207.541
2210.961
2214.707
2219.094
2225.487
2236.251
2245.873
2258.519
2264.204
2269.803
2276.461
2280.902
2286.220
2290.096
2294.724
2299.662
2307.352
2315.676
2319.732
2323.838
2326.209
2328.808
2333.294
2337.300
2344.792
2350.988
2359.849
2371.065
2383.687
2395.653
2417.476
2427.249
2439.069
2448.676
2466.375
2493.747
2535.363
2566.440
2615.571
2656.862
2695.034
2722.583
2746.124
2773.028
2816.895
2878.717
2933.824
3039.601
3177.646
3391.137
3760.321
4873.747
5485.356
