57.801
156.057
207.137
245.894
270.078
290.387
311.601
338.874
355.269
374.182
395.058
412.597
421.611
433.642
443.599
450.774
455.956
469.483
516.126
546.377
568.839
581.585
600.276
617.869
638.221
653.624
716.936
743.198
751.932
778.925
807.359
848.459
868.545
880.372
912.833
923.591
940.850
955.542
976.128
1046.373
1131.722
1152.998
1179.501
1190.999
1205.569
1214.251
1234.143
1243.292
1263.822
1283.333
1288.200
1294.996
1312.910
1328.576
1346.819
1360.535
1370.704
1377.877
1379.975
1387.855
1394.911
1403.942
1447.688
1485.057
1492.257
1536.225
1592.663
1625.170
1682.291
1708.241
1790.191
1804.901
1811.772
1831.199
1890.320
1907.581
1911.785
1940.620
1987.433
1992.093
2017.138
2058.133
2081.856
2089.349
2129.375
2160.552
2249.903
2316.290
2322.058
2340.628
2373.014
2402.909
2479.176
3090.366
3232.744
3277.568
3315.998
3490.099
3515.335
3534.640
