2392.561
2615.139
2633.374
2648.707
2660.146
2666.274
2673.413
2678.859
2685.590
2691.598
2696.500
2701.197
2707.791
2713.126
2720.049
2724.770
2732.198
2735.762
2741.149
2744.258
2747.631
2753.305
2757.037
2760.789
2765.455
2769.641
2772.760
2778.062
2783.666
2787.224
2792.192
2795.031
2797.854
2801.363
2804.512
2807.725
2811.212
2815.764
2818.990
2821.244
2824.164
2827.305
2828.739
2830.209
2832.175
2833.952
2836.183
2838.654
2841.134
2843.969
2846.449
2849.509
2852.268
2854.728
2857.634
2860.720
2863.351
2865.583
2867.380
2869.051
2872.111
2874.976
2878.505
2880.013
2881.641
2883.789
2887.797
2889.911
2891.159
2892.746
2895.228
2898.699
2900.974
2903.070
2905.299
2908.003
2910.670
2913.904
2916.391
2918.562
2921.204
2924.178
2926.633
2929.324
2932.729
2936.613
2941.653
2951.191
2963.333
2971.377
2979.445
2986.996
2998.057
3011.870
3045.851
3071.773
3105.109
3136.210
3184.895
3231.738
