6.867
17.403
20.357
23.126
26.827
34.436
38.020
40.233
41.771
45.285
47.095
50.806
52.354
53.325
55.482
59.604
65.466
67.951
71.217
74.555
77.814
80.839
84.326
86.218
88.494
91.491
92.513
95.178
98.985
100.798
101.846
103.141
104.408
106.213
107.538
108.792
110.443
111.323
112.332
113.518
116.270
117.836
120.896
123.030
126.137
128.312
132.771
135.518
136.974
137.768
140.391
141.180
142.197
144.453
146.755
148.015
153.390
157.242
162.165
167.480
171.798
173.100
174.463
175.881
177.211
179.381
180.729
183.222
185.147
186.599
199.597
200.279
201.646
205.791
209.422
214.144
219.700
221.410
222.657
223.134
226.693
230.013
231.362
232.706
236.096
237.717
239.889
241.532
241.777
242.816
244.772
247.931
248.456
250.747
253.323
266.793
354.521
363.151
373.577
387.115
