52.013
143.454
224.714
314.943
377.157
421.942
446.489
471.483
505.923
523.225
558.494
581.067
624.837
643.273
665.697
704.320
737.934
766.796
795.567
839.232
876.204
898.145
917.323
927.126
935.376
944.939
955.622
972.851
1018.035
1035.602
1063.175
1078.027
1106.726
1114.642
1123.036
1159.248
1188.735
1217.495
1252.500
1258.585
1301.663
1311.834
1318.571
1329.068
1352.609
1362.162
1368.787
1392.275
1394.754
1409.003
1437.905
1447.169
1451.172
1466.021
1471.349
1479.360
1499.405
1511.631
1591.161
1640.625
1695.334
1711.200
1736.037
1767.883
1770.626
1784.279
1788.598
1793.645
1839.992
1856.017
1874.719
1900.139
1934.892
1938.118
1964.214
1965.114
1988.671
2058.503
2126.349
2152.142
2173.202
2203.139
2208.358
2262.517
2318.210
2339.746
2425.433
2453.936
2498.284
2568.591
2644.751
2748.923
2777.067
2805.752
2814.404
2819.391
2873.219
2941.808
3006.005
3028.886
