661.467
1133.496
1600.128
1915.558
1938.079
1951.516
1971.583
1990.119
2004.693
2022.883
2035.409
2044.175
2054.399
2064.777
2078.200
2090.843
2100.078
2113.798
2122.785
2131.358
2140.436
2152.725
2158.391
2171.146
2185.277
2200.842
2212.061
2219.155
2226.070
2233.168
2242.054
2250.990
2257.608
2263.599
2267.950
2274.617
2280.432
2284.695
2288.090
2293.236
2298.333
2304.656
2309.210
2313.221
2317.224
2321.498
2326.125
2330.951
2335.554
2340.934
2347.769
2354.014
2360.948
2366.044
2371.773
2379.628
2386.049
2390.570
2397.760
2407.107
2411.926
2424.718
2438.676
2449.346
2457.642
2473.166
2485.950
2498.553
2509.940
2522.285
2534.095
2547.150
2563.349
2581.763
2592.151
2611.151
2629.273
2646.994
2672.113
2698.239
2725.615
2756.732
2789.030
2811.513
2842.756
2882.809
2939.633
2978.643
3020.402
3076.145
3131.397
3190.515
3222.332
3272.734
3343.075
3505.741
3831.998
4099.410
5418.538
6420.820
