122.578
228.910
272.220
291.371
292.110
295.639
296.035
297.205
299.053
299.456
299.847
301.539
301.970
302.776
303.034
303.292
303.499
303.617
303.761
303.864
304.008
304.101
304.301
304.587
304.674
304.922
305.173
305.398
305.732
306.209
306.633
306.975
307.231
307.494
307.788
307.962
308.164
308.265
308.477
308.788
309.032
309.157
309.260
309.418
309.554
309.637
309.764
309.930
310.159
310.366
310.696
310.941
311.105
311.433
311.697
312.188
312.880
313.157
313.332
313.520
313.581
313.794
313.965
314.107
314.336
314.807
315.232
315.569
316.051
316.369
316.564
317.030
317.812
318.545
319.647
320.720
321.527
321.918
322.923
323.870
324.740
327.173
328.011
329.449
331.067
334.052
337.195
344.124
344.602
346.191
348.335
353.330
357.721
359.753
361.428
362.223
364.311
369.900
377.121
396.415
