1975.240
2588.551
2611.387
2624.295
2636.621
2647.087
2657.759
2664.118
2672.398
2679.777
2687.393
2695.345
2701.400
2708.105
2712.318
2716.965
2721.918
2726.000
2733.650
2736.475
2742.530
2746.833
2749.901
2756.049
2759.737
2764.361
2769.684
2773.902
2777.946
2782.888
2786.795
2793.384
2797.018
2801.168
2804.780
2808.084
2812.298
2816.036
2819.005
2820.840
2822.963
2825.785
2829.904
2832.161
2834.155
2838.213
2842.221
2844.270
2846.439
2849.059
2852.119
2854.604
2857.285
2860.008
2862.447
2866.957
2869.579
2872.222
2876.179
2879.344
2882.794
2886.193
2889.174
2892.662
2894.873
2896.682
2899.091
2902.506
2904.802
2906.487
2908.146
2909.923
2913.721
2916.412
2919.508
2924.521
2927.431
2930.839
2936.391
2940.561
2945.075
2950.976
2955.612
2959.659
2966.267
2970.786
2979.752
2986.970
2992.363
3001.811
3015.171
3027.145
3038.136
3050.245
3065.797
3088.705
3100.188
3125.397
3159.992
3228.538
