395.404
464.710
474.904
480.711
486.068
488.951
492.369
495.086
498.028
500.002
501.707
502.987
503.955
506.941
508.382
509.785
511.038
511.674
512.605
514.412
517.239
518.114
519.013
519.714
520.234
520.779
521.889
522.590
523.764
525.033
525.957
527.009
528.043
529.376
530.954
532.174
533.925
534.787
535.755
536.604
537.589
538.926
541.000
542.606
543.984
545.009
547.252
548.504
549.476
550.351
552.143
554.547
555.702
557.738
559.169
559.851
560.830
562.706
565.002
566.513
569.233
572.658
576.444
580.860
585.369
590.197
595.261
599.544
601.825
604.848
606.756
608.807
616.172
620.789
627.237
629.997
634.271
636.653
641.051
645.921
649.050
655.877
658.791
663.373
671.813
675.895
683.518
685.851
691.277
703.131
710.247
716.149
724.465
734.301
748.537
757.867
780.062
808.666
839.025
896.287
