94.197
222.502
252.773
268.448
273.925
274.976
283.170
290.455
293.927
296.700
298.611
299.624
299.927
300.055
300.287
300.422
300.518
300.785
300.920
301.247
301.545
302.189
302.361
302.575
302.876
303.024
303.164
303.237
303.338
303.500
303.614
303.857
304.099
304.457
304.724
305.388
306.113
306.435
306.628
307.018
308.330
309.028
311.308
311.617
312.576
313.982
315.463
315.875
316.373
317.716
318.583
318.946
319.415
319.820
320.156
320.668
320.837
321.088
321.554
321.848
322.010
322.423
323.078
323.479
323.617
323.788
324.003
324.267
324.961
325.569
326.788
327.474
328.242
328.900
329.772
330.684
331.690
332.477
333.917
335.420
336.795
338.199
340.492
342.368
343.796
345.717
346.961
356.333
357.774
360.040
362.512
368.783
376.455
383.820
384.985
387.882
391.093
407.711
409.405
416.611
