7.403
26.893
51.785
59.324
65.332
90.538
98.864
121.713
151.048
181.197
205.334
216.756
231.304
243.002
250.957
257.314
274.177
286.487
298.755
309.630
319.135
326.916
342.410
350.006
359.020
368.887
382.783
397.672
412.642
434.457
454.285
466.051
473.555
486.743
508.677
531.975
542.387
571.594
578.591
588.122
601.492
612.184
624.671
645.238
646.678
661.647
668.238
680.599
691.455
698.683
704.210
705.909
710.583
715.756
724.260
731.491
737.488
743.600
749.072
755.336
758.811
765.734
773.655
775.112
780.844
795.130
807.786
837.041
847.909
888.513
923.003
956.042
957.508
1005.603
1012.612
1058.030
1122.914
1163.045
1194.575
1239.484
1244.416
1265.926
1267.252
1269.081
1269.831
1270.326
1275.294
1276.606
1287.019
1363.106
1381.782
1386.331
1406.539
1415.206
1431.126
1432.502
1796.870
1857.788
1917.731
1926.566
