566.307
582.104
1013.280
1347.566
1358.138
1367.380
1370.775
1380.515
1390.730
1395.244
1397.654
1400.934
1405.793
1409.855
1412.488
1415.358
1417.523
1418.691
1421.598
1423.413
1424.737
1427.732
1429.156
1430.479
1432.206
1435.366
1437.655
1441.092
1442.472
1445.757
1448.026
1450.867
1452.135
1453.939
1455.679
1457.090
1458.328
1459.274
1460.608
1463.869
1465.531
1466.510
1467.723
1470.019
1472.101
1472.846
1473.825
1474.847
1475.739
1476.656
1477.905
1479.764
1481.573
1482.737
1489.038
1496.680
1506.565
1518.965
1523.551
1553.954
1572.891
1583.570
1588.215
1591.214
1599.392
1615.656
1647.336
1673.664
1687.629
1695.197
1702.307
1705.175
1713.590
1722.416
1729.388
1732.099
1736.505
1743.534
1746.109
1748.666
1752.798
1755.550
1757.403
1759.643
1761.232
1763.354
1768.499
1771.107
1778.822
1784.155
1787.817
1790.107
1791.606
1792.845
1794.903
1796.251
1797.867
1803.718
1830.151
1839.213
