474.709
541.463
983.404
1333.880
1390.211
1400.855
1421.487
1440.894
1456.462
1459.834
1464.780
1474.193
1479.475
1482.526
1483.590
1485.842
1488.232
1491.755
1494.958
1501.484
1504.485
1507.654
1509.498
1514.011
1517.279
1521.511
1524.800
1533.532
1539.524
1545.747
1553.836
1558.322
1560.858
1565.881
1572.574
1580.134
1590.405
1601.616
1606.285
1614.872
1619.548
1623.975
1628.246
1633.046
1636.154
1643.067
1646.324
1656.149
1658.882
1664.245
1670.107
1671.827
1673.884
1676.060
1679.150
1681.509
1685.390
1688.770
1692.252
1696.935
1700.694
1703.511
1707.075
1709.962
1712.089
1714.308
1718.140
1723.516
1727.422
1731.575
1735.699
1742.752
1746.975
1753.482
1760.056
1769.152
1773.142
1778.248
1786.429
1790.970
1798.537
1804.898
1814.587
1819.869
1826.847
1833.723
1842.497
1848.603
1852.979
1857.069
1871.446
1878.337
1892.376
1901.539
1908.028
1929.670
1954.084
1966.387
1983.396
2049.307
