646.217
1110.610
1595.225
1844.003
1861.669
1874.676
1879.792
1885.140
1895.487
1904.936
1919.204
1926.293
1929.591
1937.468
1944.154
1952.092
1962.600
1970.066
1977.137
1982.477
1990.866
1998.715
2007.470
2017.525
2029.463
2051.502
2060.722
2070.816
2103.955
2136.260
2178.335
2213.051
2241.996
2254.378
2263.618
2271.339
2279.618
2282.799
2285.664
2288.940
2294.044
2297.491
2303.378
2306.801
2313.179
2318.429
2323.364
2327.193
2331.725
2336.214
2339.384
2343.560
2346.538
2350.321
2353.144
2356.192
2359.476
2363.033
2366.741
2371.660
2374.769
2376.782
2378.971
2382.463
2387.376
2393.306
2395.782
2399.860
2403.987
2409.537
2417.386
2431.646
2442.284
2451.093
2463.952
2478.371
2487.539
2512.430
2559.921
2603.426
2625.313
2652.349
2666.028
2674.564
2691.402
2708.526
2720.541
2731.668
2743.802
2755.106
2766.694
2774.649
2784.867
2799.030
2825.397
2886.740
2965.594
3302.522
3747.619
5304.661
