4346.224
5288.209
5348.308
5383.379
5406.079
5431.305
5450.964
5467.961
5480.470
5492.343
5502.656
5510.707
5518.794
5530.882
5542.533
5552.676
5562.962
5573.084
5580.591
5589.836
5597.769
5605.193
5615.114
5622.824
5630.875
5639.969
5648.754
5655.414
5663.494
5671.599
5677.719
5685.355
5690.238
5697.020
5701.737
5709.501
5714.174
5721.937
5727.369
5734.319
5738.688
5744.685
5749.125
5757.163
5765.580
5772.259
5779.450
5784.630
5792.760
5797.897
5806.070
5812.428
5819.910
5829.314
5835.700
5841.397
5847.704
5853.026
5857.705
5864.410
5868.146
5873.569
5878.127
5881.353
5885.556
5890.559
5894.247
5900.117
5907.021
5913.733
5920.350
5926.807
5933.778
5940.695
5949.892
5958.153
5965.825
5974.164
5981.815
5989.345
5997.922
6006.789
6017.398
6026.066
6034.573
6041.455
6051.813
6063.670
6074.815
6083.628
6095.408
6115.030
6147.952
6170.207
6192.104
6213.039
6234.769
6268.060
6361.967
6461.503
