599.050
615.208
1038.103
1346.337
1370.369
1383.030
1389.926
1393.020
1396.035
1397.703
1398.879
1400.521
1402.019
1404.143
1406.796
1407.695
1408.399
1411.939
1414.396
1420.073
1423.958
1425.304
1426.175
1428.702
1432.077
1433.890
1436.697
1440.648
1442.002
1442.722
1445.190
1447.658
1455.977
1460.116
1462.562
1466.106
1467.235
1469.724
1474.077
1476.606
1477.897
1480.269
1483.890
1486.040
1488.737
1492.738
1499.575
1503.711
1513.222
1518.556
1520.690
1522.934
1532.000
1536.132
1540.949
1547.988
1552.157
1566.045
1580.016
1584.321
1597.851
1620.163
1651.090
1675.605
1700.777
1718.754
1726.087
1735.653
1741.062
1745.266
1750.587
1755.542
1760.118
1763.821
1769.885
1777.068
1782.965
1788.769
1792.822
1794.784
1796.432
1798.833
1801.376
1803.659
1806.064
1808.651
1815.440
1819.641
1831.036
1835.943
1840.695
1854.212
1860.695
1871.084
1876.207
1888.366
1909.747
1916.585
1932.449
1990.255
