93.185
212.611
234.953
242.958
272.124
301.606
351.191
378.403
421.707
466.203
539.497
595.436
634.290
653.653
687.334
714.942
730.096
746.376
763.425
772.309
775.681
799.550
832.564
845.939
860.871
869.992
877.497
887.410
906.412
921.773
930.069
948.189
964.005
982.618
994.453
1049.894
1074.629
1079.702
1100.076
1109.069
1125.994
1154.229
1168.910
1201.391
1212.133
1234.282
1254.205
1264.036
1280.798
1283.940
1321.369
1333.181
1363.441
1402.992
1429.954
1446.875
1492.883
1519.332
1545.787
1554.313
1563.987
1584.649
1598.913
1615.698
1678.105
1693.310
1732.603
1740.349
1797.019
1826.040
1828.752
1862.500
1863.910
1878.306
1912.781
1931.609
1952.858
1972.344
1987.977
2010.621
2041.042
2124.998
2254.065
2303.457
2313.152
2485.096
2542.686
2544.493
2579.952
2591.176
2649.213
2670.362
2774.785
2859.073
2863.702
2919.195
2977.723
3281.717
3334.399
3408.336
