8.330
13.029
17.214
20.174
24.817
32.289
35.081
38.417
40.712
44.682
47.771
49.900
52.813
54.780
56.185
58.361
60.259
62.131
65.129
68.421
71.569
79.807
80.990
83.027
87.247
89.521
91.244
94.910
100.075
100.485
102.972
104.718
107.512
111.945
116.163
117.955
119.552
121.320
123.052
124.308
126.031
126.444
127.179
129.292
130.129
131.799
135.697
139.880
142.993
146.420
148.265
148.997
151.756
160.559
163.905
167.716
168.261
173.755
174.879
175.763
176.867
178.345
180.414
182.112
185.297
186.587
187.292
189.785
194.543
195.176
195.918
196.696
198.371
200.209
201.428
203.715
204.825
205.840
206.395
207.794
210.395
211.591
211.971
213.850
215.276
216.695
217.807
219.766
220.614
221.679
224.060
228.867
234.807
235.623
236.407
238.107
325.472
332.544
341.330
353.537
