657.741
1151.594
1684.262
1844.955
1856.755
1867.367
1875.808
1880.438
1885.429
1891.539
1895.457
1898.267
1906.031
1914.092
1918.671
1926.549
1934.564
1940.703
1946.626
1952.033
1956.347
1962.363
1968.803
1981.480
1993.236
2014.649
2029.134
2045.860
2063.066
2078.121
2082.932
2088.131
2094.027
2102.106
2113.260
2125.367
2131.155
2136.128
2140.508
2145.811
2149.642
2154.965
2158.249
2167.344
2178.853
2187.877
2196.281
2201.241
2211.612
2219.505
2227.219
2236.300
2242.947
2246.677
2252.749
2257.997
2262.929
2265.912
2269.348
2273.214
2276.497
2281.188
2284.949
2287.740
2291.979
2294.938
2299.516
2305.124
2310.689
2317.023
2328.008
2332.179
2342.277
2352.520
2365.077
2381.213
2395.919
2415.495
2438.829
2462.111
2490.615
2532.021
2562.243
2614.277
2628.759
2639.090
2655.772
2676.298
2695.785
2710.328
2732.420
2803.886
2944.882
3048.328
3268.314
3562.008
3626.746
3745.352
5166.028
6844.954
