662.192
1124.978
1598.530
1884.868
1902.953
1919.494
1924.518
1936.250
1941.196
1945.158
1949.667
1958.343
1967.520
1971.692
1977.925
1985.476
1995.657
2004.057
2011.815
2019.371
2024.992
2030.471
2037.740
2048.183
2055.816
2064.200
2078.790
2090.677
2106.908
2122.802
2148.828
2179.087
2196.659
2206.696
2218.596
2236.572
2248.081
2256.073
2262.480
2268.778
2274.901
2280.512
2288.143
2294.244
2298.396
2306.936
2312.295
2318.779
2325.228
2332.520
2336.752
2341.329
2344.940
2350.363
2354.814
2359.528
2365.619
2371.890
2377.928
2384.313
2390.484
2396.594
2403.876
2409.477
2417.647
2423.999
2432.483
2439.655
2449.507
2456.690
2465.533
2475.446
2496.928
2508.872
2525.095
2545.366
2562.884
2580.092
2600.173
2618.860
2632.342
2641.314
2652.899
2668.649
2685.666
2702.660
2716.388
2734.010
2749.216
2761.655
2772.946
2784.146
2804.189
2827.123
2849.094
2880.930
2928.934
3126.881
3352.013
4232.281
