351.327
409.348
428.442
445.151
448.560
451.774
454.552
457.818
460.117
462.108
464.522
470.915
474.630
476.790
479.900
481.853
483.698
486.571
487.716
489.239
490.444
493.301
496.966
497.835
498.853
499.697
500.144
500.934
502.729
504.495
505.433
506.872
508.636
510.510
511.806
512.781
513.474
514.017
515.486
516.476
517.499
518.203
520.488
521.650
522.410
523.171
523.929
525.945
527.148
528.120
529.005
529.891
533.445
535.069
536.678
539.255
540.393
541.324
545.151
547.440
549.362
553.473
557.217
559.028
561.987
565.670
566.809
574.909
575.799
578.494
581.220
583.995
588.724
594.349
600.011
606.561
610.511
611.571
612.210
613.293
618.802
622.277
629.861
634.866
645.421
657.107
672.961
683.608
713.520
764.691
802.858
814.873
837.593
846.674
858.191
868.313
878.670
901.997
935.869
1017.734
