50.921
101.227
143.311
159.930
186.664
224.145
236.662
259.994
267.984
277.134
283.374
294.726
303.968
314.463
321.284
342.466
358.828
378.306
394.056
412.021
419.338
431.498
443.470
450.520
460.932
480.370
490.142
503.522
518.631
531.608
537.384
548.170
556.169
568.622
577.633
584.305
586.551
598.696
600.893
606.600
610.664
614.290
633.343
642.229
655.276
656.224
669.460
675.898
698.563
728.936
735.856
751.753
759.979
762.548
767.075
781.532
787.754
802.337
813.875
819.750
827.618
832.850
837.600
843.948
854.146
860.511
867.827
872.369
876.463
880.833
894.720
903.106
910.744
915.607
927.358
933.431
941.117
954.917
975.164
994.762
1000.989
1020.935
1028.039
1051.891
1078.728
1096.350
1102.032
1107.912
1115.822
1117.910
1129.827
1142.793
1153.895
1164.407
1173.728
1303.198
1314.189
1492.244
1520.594
1586.824
