566.513
579.677
999.822
1356.854
1375.289
1389.818
1397.457
1405.475
1415.661
1417.237
1420.335
1422.040
1428.083
1435.488
1439.932
1442.123
1443.076
1444.910
1446.887
1449.082
1451.859
1455.338
1456.993
1458.876
1460.158
1464.318
1466.311
1468.317
1470.802
1475.776
1477.725
1487.627
1491.434
1493.366
1496.591
1499.710
1504.176
1506.574
1513.224
1515.953
1519.961
1528.320
1534.658
1542.023
1548.367
1551.186
1556.280
1559.789
1561.507
1564.616
1571.671
1575.804
1579.631
1586.852
1592.816
1597.388
1603.586
1608.348
1615.203
1620.330
1625.440
1630.737
1643.174
1659.910
1672.223
1698.749
1714.407
1729.705
1739.350
1741.920
1747.261
1754.984
1761.976
1765.410
1773.058
1778.338
1782.180
1785.977
1791.218
1795.571
1801.571
1805.790
1810.994
1821.911
1829.915
1837.236
1846.471
1851.017
1859.295
1872.162
1888.157
1895.524
1900.344
1909.315
1916.236
1926.748
1940.815
1957.773
1969.091
1994.516
