3750.071
5279.791
5329.732
5353.055
5377.240
5396.290
5413.376
5430.960
5447.240
5461.436
5478.333
5496.725
5513.744
5528.073
5542.284
5554.706
5563.590
5573.251
5581.834
5592.603
5607.247
5619.009
5628.898
5639.705
5648.346
5655.854
5661.800
5668.001
5673.442
5679.766
5683.710
5690.105
5695.040
5701.896
5706.526
5712.682
5716.794
5721.790
5725.055
5729.784
5733.707
5737.954
5741.385
5745.330
5749.112
5752.216
5755.889
5760.295
5763.927
5769.253
5774.405
5779.332
5785.050
5789.209
5792.873
5797.381
5800.606
5805.541
5810.140
5814.700
5818.748
5822.341
5827.307
5830.111
5833.823
5837.630
5842.931
5847.648
5852.438
5858.814
5866.419
5872.957
5881.921
5892.475
5902.766
5912.870
5923.493
5933.438
5941.566
5952.791
5965.322
5975.485
5982.616
5994.666
6006.262
6018.464
6027.426
6036.361
6051.071
6065.275
6082.876
6106.821
6131.318
6163.255
6191.714
6246.872
6287.399
6347.997
6404.364
6512.379
