1892.700
2597.736
2612.422
2623.939
2633.701
2640.875
2648.154
2655.298
2660.785
2667.604
2672.006
2676.662
2681.046
2685.162
2690.812
2694.977
2700.492
2706.712
2714.855
2720.251
2726.132
2729.649
2732.538
2738.857
2742.292
2746.454
2751.349
2756.121
2762.796
2766.224
2769.786
2774.635
2777.503
2781.847
2786.519
2790.388
2796.077
2798.707
2801.308
2804.248
2807.668
2810.165
2811.800
2813.497
2816.196
2819.193
2822.761
2824.564
2826.877
2829.450
2832.296
2835.163
2837.314
2839.199
2841.233
2845.519
2848.150
2849.970
2852.076
2855.457
2858.132
2860.221
2862.437
2866.588
2870.048
2871.960
2873.568
2876.257
2880.171
2882.729
2884.250
2886.349
2889.265
2892.085
2894.669
2896.566
2898.739
2901.664
2906.021
2909.868
2915.993
2920.004
2926.294
2931.326
2936.517
2942.965
2949.361
2955.417
2963.324
2974.089
2986.624
3001.818
3014.635
3032.821
3057.899
3069.314
3087.339
3106.276
3145.266
3213.852
