164.428
224.681
247.095
260.071
277.186
280.110
284.509
295.007
295.485
297.178
298.453
299.044
300.343
300.803
301.215
301.727
302.288
302.609
302.807
302.990
303.220
303.520
303.728
303.954
304.135
304.267
304.426
304.565
304.683
304.806
304.934
305.199
305.363
305.512
305.732
306.066
306.643
307.016
307.156
307.269
307.396
307.631
307.839
308.055
308.427
308.613
308.832
308.935
309.136
309.598
310.018
310.645
311.128
311.610
311.855
312.291
312.728
313.188
313.711
314.184
314.419
314.985
315.463
315.749
316.158
316.326
317.020
317.508
318.219
318.546
318.817
319.340
320.629
322.073
323.305
325.691
328.144
328.603
329.319
330.168
331.599
334.433
335.294
335.908
336.300
338.081
339.612
341.181
342.213
344.387
347.332
347.926
348.414
348.980
353.710
361.849
362.455
362.939
370.033
389.671
