81.830
256.983
286.658
290.297
297.265
298.624
298.994
300.513
301.348
301.745
303.043
304.052
304.246
304.452
304.660
304.980
305.737
306.058
307.213
308.233
309.201
309.536
309.977
310.417
310.804
311.261
311.739
311.946
312.239
312.523
312.948
314.279
314.890
315.374
315.711
316.024
316.308
316.560
316.743
316.867
317.023
317.289
317.598
317.900
318.134
318.803
320.021
321.086
322.145
323.129
323.922
324.740
325.375
325.723
326.091
326.345
326.566
326.796
327.060
327.462
327.743
328.142
328.388
328.582
329.085
329.394
329.597
330.002
330.534
331.156
331.954
332.730
333.663
334.467
335.105
337.626
338.772
339.386
340.635
341.199
342.317
343.008
344.626
345.540
347.375
348.871
349.306
349.880
350.403
352.218
354.407
356.441
358.096
359.638
363.408
365.139
368.423
368.796
376.691
411.021
