13.740
45.194
61.814
73.248
109.721
125.057
131.343
141.834
158.705
172.270
189.972
206.653
227.160
250.465
268.214
278.318
288.074
299.699
306.279
314.811
321.870
328.493
336.712
346.404
350.124
362.222
367.477
373.563
375.375
385.356
391.349
403.915
411.869
421.650
434.588
440.893
453.487
459.206
471.082
480.093
491.865
503.853
515.707
525.002
531.682
538.648
542.805
550.413
558.147
562.317
566.705
573.064
585.719
610.958
620.905
635.747
653.396
685.483
703.625
726.192
735.797
749.941
768.833
776.968
791.398
796.054
797.598
815.814
843.539
886.663
946.441
1001.982
1006.923
1012.756
1040.113
1067.272
1090.399
1160.996
1162.471
1163.830
1215.416
1221.325
1249.080
1257.078
1294.758
1305.432
1323.382
1331.801
1336.885
1342.694
1366.125
1391.883
1492.886
1523.986
1556.821
1590.685
1864.747
1913.369
1970.601
2038.354
