425.124
630.973
1009.514
1229.677
1422.680
1446.939
1456.175
1462.704
1473.673
1477.547
1479.544
1482.883
1489.353
1496.321
1501.659
1504.755
1508.686
1511.466
1515.338
1519.585
1520.953
1522.093
1525.069
1528.184
1532.674
1535.594
1539.831
1541.390
1544.179
1546.348
1548.343
1550.382
1555.300
1561.286
1564.134
1566.826
1569.525
1573.002
1577.594
1580.807
1584.395
1587.663
1591.567
1596.296
1598.895
1600.563
1602.219
1606.968
1609.847
1612.462
1614.596
1617.046
1620.543
1624.799
1630.965
1634.206
1636.358
1640.230
1642.232
1646.818
1655.281
1667.856
1670.801
1677.966
1683.558
1695.035
1702.110
1705.681
1712.422
1718.743
1722.987
1728.282
1735.786
1742.160
1746.956
1754.503
1757.492
1765.165
1769.432
1775.661
1780.019
1783.498
1787.980
1795.150
1804.071
1807.821
1811.686
1823.015
1833.014
1839.255
1848.724
1864.329
1877.260
1892.095
1903.931
1912.177
1930.378
1949.802
1991.944
2063.529
