84.702
158.000
231.997
240.774
252.070
266.889
279.453
282.755
287.195
289.150
292.748
294.257
294.591
295.036
295.701
296.618
297.206
297.594
298.084
299.085
299.624
300.007
300.623
301.205
302.104
303.168
304.025
305.152
307.175
308.860
310.154
310.823
311.741
312.584
313.181
314.328
315.206
316.214
317.163
317.571
318.234
318.687
319.136
319.831
320.219
320.736
321.096
321.352
321.932
322.382
323.247
323.753
324.350
324.819
325.193
326.279
326.724
327.380
328.115
329.094
329.640
329.997
330.328
330.791
331.250
331.890
332.469
333.004
334.151
335.796
336.587
339.005
340.209
340.527
340.781
341.047
341.383
341.883
342.308
343.337
344.610
346.035
346.728
347.518
348.433
349.161
349.768
350.415
351.305
352.786
355.307
358.097
361.726
365.711
368.249
374.311
376.622
386.772
390.435
415.866
