0.125
0.348
0.361
0.364
0.365
0.366
0.366
0.367
0.368
0.368
0.369
0.369
0.370
0.370
0.371
0.371
0.372
0.372
0.372
0.373
0.373
0.374
0.374
0.374
0.375
0.375
0.376
0.376
0.377
0.377
0.377
0.378
0.378
0.379
0.379
0.380
0.381
0.381
0.382
0.382
0.383
0.384
0.385
0.386
0.387
0.388
0.390
0.391
0.393
0.395
0.397
0.400
0.402
0.406
0.409
0.414
0.420
0.428
0.446
0.542
21.878
22.542
22.900
23.253
23.586
24.000
24.327
24.730
25.155
25.620
26.060
26.531
27.093
27.549
28.020
29.356
88.487
3072.066
99455.199
127280.269
127309.875
127357.708
127402.018
127458.932
416779.678
418941.117
419346.917
420430.798
421628.200
425901.151
483786.063
787453.639
787508.450
787567.170
787636.287
804946.796
884812.739
888561.661
890107.736
891897.484
