0.187
17.212
18.259
19.454
22.388
22.947
23.559
24.018
24.907
26.265
30.386
34.192
37.757
39.241
40.121
40.455
41.016
41.586
42.782
45.027
45.983
46.967
47.587
48.083
48.511
49.150
51.004
53.422
54.562
56.280
64.327
198725.491
199978.442
200688.254
201427.549
201888.028
202316.106
202807.475
203204.645
203619.761
203998.111
204310.604
204649.644
205012.435
205570.997
205911.014
206184.018
206401.785
206797.368
207187.864
207609.583
208142.062
208499.370
208836.881
209201.843
209636.631
210187.425
210407.601
210678.516
211009.711
211333.444
211682.030
212015.592
212283.482
212563.969
212824.752
213158.349
213403.767
213814.674
214180.702
214522.484
215083.216
216149.429
217618.168
220222.074
220969.983
221605.694
221942.024
222228.489
222720.736
223137.677
223547.504
223918.521
224230.761
224700.315
225034.041
225448.057
225863.076
226568.745
227099.990
227421.801
228007.489
228644.932
229005.931
229438.667
229884.274
230261.220
230772.046
231547.119
232402.399
