649.555
1116.021
1588.277
1844.836
1854.275
1866.086
1870.563
1875.750
1880.198
1888.599
1892.462
1897.886
1904.163
1907.422
1912.532
1916.874
1921.259
1925.999
1930.938
1935.519
1944.231
1949.575
1955.893
1963.459
1968.283
1973.748
1984.657
1992.537
2005.691
2028.572
2066.149
2113.614
2176.989
2222.645
2230.278
2241.251
2248.109
2255.288
2262.722
2266.686
2271.442
2274.910
2278.974
2282.472
2285.543
2288.718
2291.944
2296.846
2302.385
2308.387
2312.867
2317.981
2322.426
2326.471
2330.954
2334.355
2339.730
2345.510
2351.909
2358.950
2367.640
2378.182
2393.223
2400.372
2408.494
2417.359
2437.320
2477.006
2496.957
2523.230
2543.793
2577.725
2603.128
2626.298
2645.983
2654.552
2662.083
2671.768
2679.072
2686.009
2692.765
2698.523
2705.183
2714.340
2723.069
2731.775
2739.639
2749.716
2760.108
2776.399
2794.015
2814.388
2842.208
2882.568
3054.523
3182.975
3270.559
3652.380
4011.894
8596.343
