10.362
18.300
26.302
31.199
37.776
41.686
44.894
49.508
51.354
53.757
55.859
57.338
58.322
59.993
62.962
64.532
65.603
67.110
68.619
70.795
73.667
74.921
76.984
78.932
81.448
82.926
85.464
87.765
91.275
94.026
94.891
98.464
100.472
104.484
107.137
108.384
111.007
112.534
114.337
114.961
116.921
117.835
118.613
119.650
120.417
122.260
124.284
125.213
127.958
130.004
131.181
134.967
138.123
138.613
140.194
141.619
142.419
143.762
148.125
151.597
154.342
155.173
163.831
167.558
171.961
177.395
180.584
185.902
187.808
191.063
195.577
201.514
204.140
207.549
208.619
212.020
213.109
213.911
214.617
215.602
219.058
221.929
226.094
228.565
228.835
229.447
229.613
230.129
231.473
234.078
234.388
236.215
236.413
236.663
240.356
241.526
247.570
334.904
341.629
343.514
