71.967
145.985
230.924
237.961
249.696
255.966
276.717
281.487
285.762
291.669
292.917
293.647
294.460
294.998
295.950
296.593
297.334
297.500
297.878
298.468
298.945
299.403
300.387
300.958
302.034
302.803
303.671
304.455
305.245
306.468
308.368
309.032
310.131
310.766
311.760
314.284
316.070
316.994
317.407
317.692
318.128
319.137
319.996
321.199
322.132
322.911
323.642
324.974
326.056
326.940
327.499
328.461
328.916
329.263
329.710
329.881
330.165
330.462
330.853
331.273
331.726
332.086
332.526
332.983
333.423
334.431
335.001
335.521
336.318
336.869
337.322
337.917
338.548
339.208
340.047
340.446
340.880
341.607
342.608
343.771
345.184
346.506
348.539
350.029
352.095
353.372
354.768
359.102
362.931
364.278
365.976
368.142
370.788
377.849
382.056
386.684
394.804
402.056
406.877
417.838
