337.014
540.030
922.740
1131.383
1383.927
1413.621
1441.998
1459.265
1465.494
1469.079
1471.331
1476.378
1478.188
1481.295
1483.852
1487.122
1489.172
1490.539
1492.261
1493.043
1494.454
1496.376
1500.007
1502.347
1504.042
1505.791
1507.439
1508.456
1509.826
1513.308
1518.964
1522.083
1523.982
1525.999
1531.170
1534.430
1539.212
1548.083
1550.642
1554.285
1559.918
1565.717
1569.148
1572.400
1575.144
1579.312
1585.075
1589.839
1593.494
1597.997
1599.965
1602.272
1606.748
1610.630
1614.193
1620.473
1623.910
1628.588
1630.529
1633.919
1636.787
1639.259
1643.648
1648.215
1650.825
1654.411
1658.192
1660.399
1663.597
1667.370
1670.796
1673.790
1675.230
1677.714
1679.815
1682.932
1686.416
1688.700
1690.542
1693.092
1695.175
1698.789
1702.255
1705.708
1709.280
1715.084
1718.396
1729.603
1742.395
1755.536
1759.037
1772.379
1790.968
1810.556
1833.324
1853.272
1889.171
1925.657
2016.823
2068.115
