2001.335
2578.973
2604.059
2628.838
2642.892
2651.127
2660.823
2672.291
2679.312
2687.237
2694.732
2701.843
2709.529
2716.239
2722.525
2727.627
2734.621
2740.660
2747.613
2749.711
2755.380
2761.628
2767.904
2773.941
2781.226
2786.448
2792.433
2799.795
2805.437
2811.227
2816.077
2819.503
2824.659
2828.540
2832.126
2836.226
2839.450
2842.079
2845.165
2848.835
2852.736
2855.413
2857.658
2862.507
2864.654
2866.854
2870.100
2873.602
2876.570
2879.350
2881.953
2884.336
2887.502
2890.416
2892.757
2894.999
2898.163
2900.850
2903.884
2907.169
2909.937
2913.531
2918.350
2920.769
2922.454
2925.081
2928.412
2930.817
2933.037
2936.151
2938.253
2941.210
2945.091
2947.332
2951.443
2956.349
2961.438
2966.503
2970.597
2975.164
2978.806
2985.335
2988.421
2995.888
3002.424
3010.559
3021.405
3035.737
3058.200
3080.617
3118.558
3129.343
3180.279
3207.599
3223.442
3264.003
3283.046
3292.525
3317.191
3361.038
