685.770
1230.999
1677.950
1959.246
2014.000
2048.917
2056.977
2072.483
2079.512
2087.127
2096.578
2105.593
2115.554
2130.098
2145.199
2152.061
2156.394
2160.789
2168.393
2175.024
2179.394
2186.073
2196.209
2203.634
2209.605
2218.709
2224.802
2229.642
2235.778
2242.087
2247.888
2253.100
2260.331
2266.079
2269.320
2277.692
2284.549
2289.796
2296.064
2300.854
2305.319
2309.145
2316.509
2324.362
2330.749
2336.987
2342.183
2347.171
2351.257
2359.396
2366.133
2372.237
2376.844
2382.623
2386.723
2390.040
2393.556
2397.009
2400.596
2406.356
2410.972
2417.698
2427.973
2434.803
2448.119
2460.628
2464.676
2470.758
2478.409
2486.969
2495.249
2507.066
2519.132
2532.244
2546.576
2564.582
2581.377
2597.968
2614.562
2625.676
2642.219
2660.675
2685.693
2707.804
2752.037
2784.218
2835.302
2883.398
2926.150
2985.268
3020.149
3065.801
3144.202
3277.152
3458.307
3743.270
3965.616
5355.673
5562.205
9235.204
