34.597
154.959
228.579
238.982
245.616
251.617
259.775
265.311
294.207
319.575
363.144
388.248
415.298
442.865
479.557
494.748
509.804
527.398
550.719
573.201
609.791
631.653
651.174
700.353
736.905
772.284
791.661
818.330
869.962
886.036
912.315
942.435
965.594
1002.125
1049.828
1095.689
1114.600
1132.240
1150.154
1179.368
1206.070
1214.139
1226.422
1239.760
1257.601
1276.644
1298.350
1324.995
1341.002
1349.837
1357.973
1377.208
1379.968
1396.488
1418.854
1428.097
1452.060
1459.822
1467.655
1486.650
1504.938
1535.936
1636.365
1648.102
1657.246
1691.345
1702.898
1733.874
1758.215
1796.204
1816.114
1824.997
1851.884
1852.792
1873.450
1880.621
1934.692
1971.819
2048.174
2049.916
2065.998
2072.973
2090.064
2239.975
2256.884
2274.310
2298.740
2796.239
2808.332
2859.025
2866.520
2885.123
2971.231
2977.106
3042.780
3050.044
3091.820
3285.483
3343.312
3375.807
