32.495
207.833
254.945
317.848
411.119
470.566
525.417
553.210
580.691
604.401
629.252
651.122
674.052
687.245
707.000
720.186
740.425
763.233
784.575
810.680
856.380
888.002
925.153
935.952
951.836
967.900
985.608
1011.052
1040.435
1055.221
1069.830
1072.846
1100.102
1106.909
1123.839
1140.088
1150.920
1162.160
1165.145
1168.130
1173.263
1185.281
1199.197
1211.519
1222.561
1223.350
1239.196
1246.837
1262.721
1274.688
1294.275
1297.598
1308.084
1339.498
1384.264
1413.232
1427.531
1461.184
1472.791
1488.865
1498.171
1505.386
1542.641
1604.971
1654.641
1723.310
1754.352
1774.794
1824.780
1889.072
1896.109
1902.569
1904.967
1909.795
1964.046
2033.221
2107.041
2141.971
2153.753
2185.810
2222.026
2234.853
2240.607
2273.839
2317.593
2385.948
2459.327
2638.395
2669.359
2734.754
2833.633
2849.741
2875.793
2939.524
2971.338
3002.419
3042.339
3193.114
3224.837
3318.969
