198.269
226.807
252.701
253.531
255.647
259.657
268.197
271.792
276.126
279.687
281.587
282.016
284.056
284.918
288.657
292.725
294.402
295.558
295.946
296.687
297.482
298.557
299.360
299.724
299.945
300.061
300.348
300.488
300.791
301.288
301.559
301.796
302.163
302.368
302.489
302.656
302.798
302.909
303.090
303.215
303.351
303.427
303.462
303.546
303.644
303.723
303.834
304.096
304.372
304.793
305.628
307.121
307.871
309.725
314.552
315.988
319.280
319.565
319.761
319.951
320.296
321.426
323.305
324.336
325.528
326.143
326.434
326.622
327.679
328.432
328.698
329.265
330.438
330.620
331.519
332.885
334.692
335.814
337.392
338.052
338.815
339.606
340.322
342.491
343.240
348.763
351.205
354.775
358.060
363.459
364.685
366.203
368.932
370.793
371.411
372.614
375.624
384.792
390.754
415.240
