21.004
43.781
55.752
64.546
99.601
119.106
132.150
147.639
160.043
169.631
184.927
197.804
214.487
228.860
246.504
258.032
272.838
280.433
288.267
298.318
310.632
319.544
329.347
338.209
344.492
352.418
366.223
372.332
380.743
397.830
405.818
420.307
431.123
439.987
448.690
452.848
465.035
476.241
484.901
494.527
497.735
504.834
512.426
522.488
534.194
542.003
555.497
562.421
567.717
579.530
595.359
606.555
626.684
634.898
685.366
715.443
725.405
734.735
736.391
743.492
755.755
772.535
782.709
794.651
820.212
854.747
891.326
935.769
939.490
946.499
954.188
958.706
974.793
978.697
982.570
987.916
1020.674
1059.768
1183.167
1294.274
1314.759
1338.055
1351.001
1359.057
1366.328
1383.382
1384.057
1385.008
1386.422
1393.598
1395.355
1413.512
1427.205
1430.419
1447.748
1464.057
1531.733
1719.143
1730.301
1754.118
