1914.369
2574.429
2612.526
2631.632
2645.088
2658.770
2667.573
2674.247
2682.201
2688.363
2694.720
2701.410
2706.080
2712.618
2717.263
2720.835
2725.622
2729.205
2732.924
2738.593
2741.465
2744.476
2749.377
2754.229
2757.863
2763.993
2767.698
2772.874
2778.564
2782.587
2789.996
2796.670
2800.881
2804.282
2809.280
2812.396
2815.626
2820.564
2824.066
2826.926
2830.756
2834.544
2836.843
2840.089
2843.593
2847.545
2849.782
2852.673
2856.229
2859.206
2861.436
2863.808
2869.781
2873.067
2876.763
2882.698
2885.129
2890.567
2895.768
2899.721
2904.281
2908.034
2914.636
2918.003
2923.422
2927.861
2932.551
2936.087
2940.936
2946.815
2955.967
2970.103
2981.907
2988.319
2996.468
3000.785
3008.223
3013.851
3022.909
3031.970
3039.581
3047.580
3053.344
3059.559
3065.532
3071.155
3074.968
3082.939
3087.415
3102.606
3110.361
3118.008
3127.057
3133.160
3146.037
3156.110
3167.255
3187.649
3214.970
3297.790
