4082.836
5274.772
5328.797
5371.597
5398.160
5417.971
5440.692
5454.460
5464.219
5477.261
5488.707
5499.892
5512.865
5524.665
5533.908
5545.002
5554.233
5564.064
5573.598
5580.872
5590.797
5597.623
5604.399
5613.755
5619.656
5632.508
5642.024
5651.725
5660.451
5667.450
5676.470
5684.607
5690.571
5695.606
5699.963
5705.634
5712.046
5717.901
5723.541
5728.224
5734.972
5738.946
5746.581
5752.004
5760.417
5767.615
5773.202
5779.457
5783.996
5788.007
5793.670
5796.736
5801.413
5806.726
5810.702
5818.503
5822.442
5828.626
5833.745
5839.337
5845.533
5851.268
5857.173
5863.637
5868.774
5874.030
5879.618
5882.942
5889.089
5893.258
5902.166
5908.428
5915.732
5924.253
5930.922
5938.506
5943.116
5950.804
5955.224
5962.461
5967.396
5975.851
5985.793
5994.252
6005.358
6015.356
6023.600
6032.708
6049.572
6068.612
6089.818
6107.185
6128.609
6159.325
6195.602
6232.527
6259.192
6306.570
6348.239
6472.146
