531.953
546.248
939.201
1318.973
1339.881
1360.274
1375.930
1386.223
1391.850
1394.343
1399.524
1403.216
1412.423
1417.798
1421.435
1429.023
1431.814
1435.960
1440.152
1444.836
1447.919
1449.872
1451.506
1452.711
1454.078
1456.581
1458.442
1460.494
1462.723
1468.572
1470.791
1473.424
1477.367
1481.524
1484.188
1487.279
1490.155
1491.833
1493.379
1497.384
1500.785
1504.229
1507.752
1509.451
1512.382
1514.382
1517.144
1520.176
1525.836
1528.189
1531.603
1538.049
1541.405
1547.898
1560.581
1562.634
1571.991
1583.235
1601.457
1620.592
1633.116
1639.843
1645.615
1650.828
1659.058
1662.803
1666.680
1671.593
1674.602
1677.649
1682.274
1688.039
1691.840
1695.531
1710.396
1713.911
1716.557
1720.654
1723.350
1727.323
1731.908
1740.103
1749.259
1754.701
1758.783
1765.373
1767.570
1772.276
1775.995
1781.613
1785.616
1789.556
1792.576
1797.501
1807.861
1816.959
1837.634
1845.206
1850.423
1867.326
