112.064
225.581
248.066
274.712
287.790
293.888
297.021
298.290
299.113
300.777
301.230
301.525
301.902
301.998
302.147
302.231
302.379
302.504
302.656
302.853
302.916
303.312
303.607
303.799
303.934
304.003
304.055
304.154
304.236
304.294
304.398
304.495
304.625
304.735
304.873
304.935
305.058
305.151
305.213
305.321
305.398
305.532
305.617
305.874
306.146
306.411
306.788
307.119
307.328
307.484
307.743
307.858
308.027
308.250
308.323
308.516
308.597
308.849
309.024
309.410
309.815
310.053
310.548
311.248
311.719
312.073
312.464
313.147
313.503
313.970
314.480
315.323
316.021
316.551
316.795
316.950
317.416
317.853
318.251
318.763
319.923
320.376
321.096
321.617
321.953
322.133
322.294
322.584
322.878
324.036
325.311
327.577
328.474
329.698
330.622
332.042
333.102
339.011
353.436
391.171
