570.369
581.521
1075.407
1374.302
1393.373
1397.791
1410.452
1419.957
1423.695
1437.895
1439.266
1441.479
1443.807
1444.759
1445.504
1447.046
1448.119
1449.425
1451.327
1454.090
1455.984
1458.480
1460.995
1461.856
1463.281
1465.688
1468.923
1472.854
1474.711
1477.883
1480.521
1482.686
1484.337
1485.218
1486.842
1488.922
1490.511
1492.523
1494.204
1495.199
1496.917
1502.167
1507.409
1511.619
1517.451
1521.404
1533.361
1537.306
1541.630
1544.228
1547.886
1550.945
1554.494
1559.009
1565.534
1573.364
1578.224
1589.037
1597.991
1604.139
1609.438
1618.103
1628.516
1643.779
1652.438
1659.083
1666.619
1672.553
1676.095
1679.551
1683.862
1687.533
1691.623
1695.483
1697.420
1699.465
1704.979
1710.512
1713.576
1718.176
1720.856
1725.758
1737.251
1743.545
1749.194
1754.819
1758.511
1763.039
1766.041
1768.998
1772.643
1776.450
1780.621
1787.525
1802.024
1815.474
1847.080
1871.249
1928.229
1998.337
