7.490
25.165
34.946
38.388
40.341
42.853
45.152
48.655
50.579
53.611
55.509
57.489
60.713
61.767
62.843
63.820
65.428
66.173
67.691
68.940
70.744
72.088
74.852
78.637
80.174
81.216
82.692
85.775
87.458
88.265
89.560
90.813
92.984
94.017
96.968
98.321
99.249
100.524
101.459
103.142
104.602
105.821
107.385
109.506
111.063
113.389
118.670
121.002
124.193
124.941
127.895
131.811
134.343
138.815
143.162
143.807
144.252
148.356
149.619
151.243
152.820
153.263
155.509
158.035
160.690
166.136
169.801
189.988
195.471
196.167
199.316
200.159
202.166
203.574
205.437
206.364
207.421
212.735
213.322
216.374
218.758
219.353
221.588
224.909
233.890
236.507
240.941
246.720
250.173
255.787
267.453
268.603
273.332
280.752
284.251
286.459
287.751
289.545
289.935
295.367
