668.110
1223.168
1740.368
1858.900
1882.645
1913.611
1921.894
1937.763
1943.402
1949.787
1960.033
1973.018
1981.260
1989.575
1997.893
2008.269
2013.879
2037.442
2050.664
2065.064
2082.409
2094.202
2102.012
2110.010
2121.507
2129.462
2148.913
2170.806
2192.899
2203.499
2233.483
2249.030
2255.858
2263.005
2269.058
2271.985
2275.270
2278.578
2282.110
2284.442
2287.573
2290.163
2294.508
2297.181
2299.325
2301.571
2303.913
2306.860
2310.502
2315.073
2318.505
2321.925
2325.633
2330.154
2332.951
2336.737
2340.790
2345.742
2350.507
2354.836
2359.287
2364.796
2370.313
2379.055
2386.200
2391.750
2397.517
2401.235
2406.275
2414.703
2423.166
2431.293
2439.317
2448.686
2461.312
2472.313
2483.626
2495.047
2530.379
2568.176
2607.992
2643.931
2687.708
2700.928
2711.437
2724.090
2737.132
2746.874
2760.584
2794.156
2831.498
2858.304
2883.527
2923.485
3062.103
3215.355
3321.584
3580.600
3930.013
5630.373
