328.646
432.708
452.041
461.926
467.301
470.038
477.816
479.307
481.606
488.402
491.333
492.848
493.932
495.370
497.088
498.610
499.759
500.764
501.638
502.512
503.397
503.830
504.233
504.838
506.226
507.025
508.449
509.402
510.605
511.765
512.473
513.291
514.388
515.583
516.514
517.988
518.905
520.098
521.847
522.589
523.381
524.590
525.690
526.332
527.670
528.419
529.708
531.727
534.125
536.062
538.035
539.953
542.563
548.050
551.590
556.005
559.368
561.989
568.993
577.840
584.519
586.829
588.763
591.319
595.682
597.013
599.124
600.660
603.444
609.759
613.603
615.615
621.424
624.973
627.343
630.688
635.744
640.883
643.212
651.692
654.649
658.577
661.418
665.326
669.658
676.483
685.197
692.568
704.162
713.458
718.692
724.271
729.546
742.994
751.924
767.453
780.824
799.143
808.757
901.060
