656.687
1136.018
1750.891
1846.261
1909.206
1920.313
1927.131
1941.335
1954.648
1968.091
1978.628
1995.975
2012.386
2019.510
2030.445
2037.276
2048.717
2055.982
2069.171
2078.718
2086.556
2098.093
2103.156
2115.246
2122.923
2128.613
2137.867
2145.406
2152.030
2158.250
2163.753
2169.502
2179.746
2186.895
2199.978
2209.893
2219.249
2227.398
2243.142
2255.697
2266.589
2271.015
2273.437
2279.734
2291.825
2299.446
2308.129
2314.892
2320.665
2327.877
2331.334
2338.292
2346.652
2353.740
2361.071
2373.857
2380.344
2384.432
2390.878
2402.284
2409.874
2419.218
2434.290
2444.535
2453.725
2464.999
2471.391
2480.140
2497.124
2505.170
2518.667
2534.662
2545.997
2558.997
2573.211
2583.506
2596.999
2614.953
2629.179
2656.952
2685.130
2701.712
2728.319
2751.854
2772.398
2784.940
2804.007
2844.613
2882.713
2907.355
2940.464
2997.434
3042.355
3158.829
3290.073
3562.465
3851.903
5075.455
5552.574
9173.045
