559.313
571.861
998.083
1370.598
1385.293
1389.835
1390.892
1393.326
1395.292
1398.795
1404.863
1411.864
1421.808
1425.423
1427.678
1430.431
1433.898
1435.976
1438.245
1440.037
1442.153
1444.099
1447.663
1451.572
1459.027
1466.327
1469.665
1473.820
1478.395
1483.061
1485.469
1487.672
1491.235
1494.261
1496.392
1498.401
1500.849
1503.905
1505.338
1508.934
1513.465
1518.034
1522.571
1524.594
1528.734
1533.297
1535.592
1538.944
1541.550
1547.945
1552.673
1559.421
1566.741
1573.848
1579.661
1585.543
1592.544
1601.483
1610.635
1625.009
1630.334
1635.596
1649.240
1663.834
1669.807
1673.972
1679.477
1690.241
1698.570
1705.352
1712.784
1715.786
1720.829
1726.496
1735.975
1745.110
1753.334
1760.612
1763.924
1768.120
1773.219
1776.542
1780.135
1783.272
1789.761
1794.393
1804.276
1810.590
1818.731
1830.878
1837.885
1845.165
1850.334
1861.158
1869.289
1878.273
1896.970
1906.255
1925.113
1968.519
