15.925
22.522
28.568
37.026
42.444
46.402
49.750
51.493
54.156
56.940
59.360
61.447
62.754
64.155
65.280
67.507
69.750
71.501
73.548
75.812
78.717
80.762
84.347
86.192
88.494
91.549
94.644
95.610
99.758
102.273
104.851
105.422
106.557
107.467
110.378
111.360
112.455
113.704
114.673
115.921
117.913
122.335
128.324
132.599
136.657
140.826
144.698
147.256
148.572
149.927
153.379
154.076
156.074
162.190
163.379
165.932
166.611
167.381
167.985
169.067
169.518
170.850
172.307
173.202
173.581
173.860
174.110
175.323
175.876
175.978
176.826
178.112
178.840
180.018
180.264
181.370
183.235
184.550
185.219
186.544
189.550
193.857
195.091
197.488
203.728
203.958
205.236
210.430
214.825
221.668
223.724
233.855
235.305
244.373
246.712
249.317
255.417
267.134
274.136
286.185
