30.772
96.480
127.684
159.932
178.142
189.268
195.665
209.066
218.335
236.511
254.337
267.911
286.030
301.180
322.817
331.635
334.207
343.251
351.496
366.512
374.583
388.044
392.362
399.527
405.421
410.125
419.773
425.740
428.583
434.062
440.067
445.111
448.872
452.344
457.951
465.138
468.345
474.365
476.590
480.076
487.634
491.737
496.884
502.552
508.958
515.126
532.456
547.780
557.213
567.676
572.194
576.204
583.064
595.121
602.120
614.004
624.158
648.906
663.299
690.674
700.466
716.617
726.510
732.466
744.186
763.900
791.113
937.122
987.458
996.866
1104.685
1109.826
1121.861
1128.832
1143.622
1150.260
1154.719
1165.917
1188.747
1195.297
1202.285
1205.939
1224.787
1248.371
1268.354
1270.121
1272.204
1273.003
1300.605
1367.989
1371.243
1404.585
1441.722
1443.016
1469.067
1473.945
1693.230
1728.424
1804.267
1810.948
