2070.025
2611.481
2642.127
2657.483
2669.397
2680.090
2689.972
2697.900
2704.313
2713.427
2719.772
2727.387
2734.343
2741.290
2750.308
2757.093
2764.674
2771.455
2778.260
2785.037
2791.031
2795.717
2801.611
2805.311
2809.617
2812.215
2815.677
2820.302
2824.000
2829.502
2833.238
2836.218
2841.519
2845.239
2848.253
2851.765
2855.491
2858.713
2861.420
2864.289
2867.406
2870.737
2874.607
2877.767
2879.808
2883.081
2885.858
2887.808
2890.635
2894.031
2896.637
2899.013
2902.649
2905.378
2907.770
2909.824
2912.417
2915.188
2917.710
2919.677
2921.331
2923.283
2924.850
2926.992
2929.731
2931.840
2934.824
2936.800
2939.325
2942.913
2946.069
2948.441
2952.375
2956.502
2961.311
2968.028
2977.113
2985.959
2993.042
2998.584
3005.499
3013.079
3021.496
3027.158
3036.179
3044.282
3051.876
3061.740
3066.155
3078.182
3085.468
3093.945
3101.581
3116.940
3123.453
3135.005
3158.617
3188.516
3230.482
3319.825
