3336.841
5310.853
5352.736
5403.583
5425.967
5454.830
5480.949
5497.946
5516.448
5529.384
5540.078
5550.940
5561.201
5572.794
5586.434
5598.839
5608.700
5617.280
5627.689
5638.557
5649.949
5658.562
5667.721
5677.653
5688.612
5696.556
5705.065
5710.800
5718.819
5724.739
5730.457
5736.068
5742.089
5746.871
5752.866
5757.504
5762.951
5768.030
5772.983
5778.249
5782.899
5787.811
5793.190
5797.694
5803.841
5807.957
5812.834
5817.303
5821.972
5827.424
5833.993
5840.881
5846.404
5852.979
5861.207
5867.533
5872.674
5877.680
5883.575
5887.820
5892.633
5897.576
5903.637
5909.128
5915.676
5920.400
5926.117
5931.662
5936.839
5942.775
5949.276
5957.058
5963.656
5969.106
5976.055
5983.704
5990.532
5997.595
6002.155
6008.990
6016.205
6023.600
6031.379
6039.266
6046.051
6058.615
6074.379
6086.483
6100.766
6114.398
6135.252
6148.412
6162.689
6183.707
6199.051
6217.931
6282.502
6335.206
6424.103
6513.476
