553.819
569.017
998.611
1360.264
1373.865
1378.934
1383.770
1388.591
1391.443
1394.178
1401.566
1403.236
1408.458
1410.841
1414.641
1416.444
1417.668
1419.072
1421.173
1424.154
1425.489
1426.097
1427.972
1430.228
1431.460
1434.898
1437.987
1440.864
1446.459
1449.433
1451.579
1455.184
1457.767
1461.014
1464.776
1467.718
1469.555
1471.428
1472.574
1474.776
1477.149
1483.195
1484.735
1489.788
1494.653
1497.899
1502.521
1509.165
1512.322
1524.246
1537.599
1543.196
1552.990
1558.964
1565.060
1572.827
1577.114
1591.594
1597.761
1607.332
1618.652
1627.284
1654.023
1670.287
1688.700
1702.299
1711.612
1723.408
1727.704
1732.322
1739.338
1742.629
1749.248
1755.636
1758.323
1761.094
1763.637
1766.094
1767.583
1772.020
1774.002
1776.169
1780.389
1783.810
1786.337
1789.565
1793.720
1804.205
1806.880
1810.469
1813.186
1818.131
1820.691
1827.279
1835.752
1847.983
1853.213
1859.797
1884.983
1926.063
