648.643
1097.184
1553.004
1810.839
1835.053
1846.575
1852.300
1858.457
1867.885
1881.804
1893.778
1902.147
1911.843
1922.268
1932.700
1941.914
1950.819
1961.946
1972.669
1980.572
1994.199
2013.126
2026.067
2032.378
2041.114
2047.580
2055.506
2062.776
2074.878
2084.822
2092.744
2101.527
2112.255
2118.512
2129.272
2136.717
2146.589
2153.795
2162.237
2175.802
2186.778
2196.506
2202.622
2210.926
2220.499
2229.833
2245.948
2255.983
2268.557
2277.158
2285.044
2296.783
2303.678
2309.189
2313.533
2316.910
2323.614
2333.184
2338.838
2342.791
2347.720
2354.848
2364.812
2372.486
2380.241
2388.916
2399.463
2404.883
2412.851
2422.217
2433.454
2440.362
2447.631
2456.146
2464.392
2472.179
2488.101
2502.645
2516.550
2525.959
2534.732
2550.293
2565.425
2585.850
2604.596
2629.226
2653.654
2679.543
2727.426
2753.287
2782.104
2812.652
2863.065
2883.151
2929.648
2995.168
3182.706
3437.704
3936.618
6146.163
