144.901
213.550
267.871
282.462
286.909
287.479
288.925
291.191
294.441
299.225
300.420
300.702
301.326
302.586
303.002
303.687
304.208
304.785
305.606
305.756
306.076
306.525
306.998
307.118
307.323
307.612
307.780
307.960
308.177
308.346
308.788
309.193
309.293
309.491
309.897
310.286
310.651
310.986
311.341
311.708
312.060
312.278
312.426
312.617
312.884
313.134
313.271
313.489
313.736
314.134
314.449
314.768
314.888
314.979
315.106
315.232
315.519
315.645
315.839
316.017
316.152
316.482
316.773
317.238
317.808
318.093
318.320
318.528
318.634
318.893
319.076
319.746
320.791
321.769
322.672
323.289
324.050
324.642
325.223
325.695
326.042
326.583
327.206
328.804
330.092
330.633
331.211
331.889
332.733
333.368
335.090
337.962
339.238
340.540
344.272
346.246
350.095
355.353
363.181
372.462
