677.057
1241.820
1759.132
1817.810
1850.770
1856.875
1865.841
1872.040
1886.207
1897.933
1902.861
1916.695
1927.762
1940.103
1953.032
1961.232
1977.488
2003.308
2015.023
2036.003
2045.155
2052.237
2059.927
2064.801
2075.155
2086.088
2097.780
2116.055
2132.732
2149.925
2167.754
2182.323
2195.777
2206.587
2222.413
2240.542
2251.452
2260.117
2265.999
2271.711
2275.950
2278.832
2284.085
2292.520
2298.345
2305.804
2308.653
2314.156
2320.907
2329.365
2337.857
2346.043
2353.766
2361.101
2368.902
2372.840
2379.434
2384.956
2389.139
2397.423
2403.613
2415.669
2432.602
2440.519
2448.815
2457.698
2465.858
2472.905
2479.117
2489.144
2500.769
2514.745
2531.613
2555.492
2598.701
2624.024
2648.350
2675.422
2690.787
2701.492
2712.014
2721.850
2729.437
2736.627
2748.270
2760.945
2780.093
2791.211
2809.448
2837.970
2869.605
2906.134
2941.295
3061.365
3166.942
3295.921
3495.174
3862.354
5351.478
8890.589
