84.680
222.836
232.698
240.547
251.585
256.069
258.136
262.513
263.991
266.494
306.599
329.702
354.132
379.189
417.953
456.728
478.035
533.360
580.497
641.640
666.429
680.900
700.728
718.580
727.135
742.908
773.322
795.194
807.375
819.482
849.227
879.760
909.019
939.144
959.226
971.226
990.974
1019.019
1030.966
1062.668
1076.543
1091.742
1109.995
1113.813
1123.850
1133.098
1150.427
1164.442
1178.335
1211.763
1257.109
1298.154
1357.865
1361.373
1364.907
1466.202
1471.405
1509.214
1532.379
1550.974
1572.471
1627.564
1669.130
1670.833
1672.137
1680.783
1743.840
1754.284
1823.573
1837.995
1894.393
1907.798
1932.828
1978.081
1984.356
2016.237
2050.762
2112.209
2118.930
2202.702
2218.689
2236.076
2242.983
2305.993
2313.263
2349.585
2531.100
2563.647
2634.433
2891.058
2924.648
2953.090
2976.665
3007.373
3069.213
3095.665
3118.126
3122.590
3136.062
3177.335
