423.520
435.314
444.276
446.495
454.196
459.524
466.991
470.179
472.447
475.014
478.999
479.945
481.109
482.173
482.988
485.538
488.561
489.589
490.585
491.542
492.116
492.466
492.724
493.137
494.009
494.761
498.091
499.622
500.857
501.497
502.088
502.819
503.361
503.782
504.294
504.885
505.815
508.675
510.927
512.569
513.211
514.123
514.982
515.438
515.958
516.236
516.951
517.945
519.294
521.457
524.806
526.155
527.018
527.792
528.568
529.872
531.867
533.534
535.724
536.700
538.505
539.656
540.645
541.931
543.079
548.035
549.816
551.368
554.264
559.035
562.664
564.140
570.617
576.345
578.165
581.918
585.701
587.397
588.354
591.758
593.902
596.977
599.107
601.427
605.052
609.833
617.703
624.135
633.334
645.717
662.031
689.011
717.260
744.009
766.269
812.421
838.736
858.345
881.920
903.997
