117.049
234.981
269.501
289.321
290.006
296.085
298.194
298.437
299.172
299.845
300.943
301.158
301.380
301.608
301.898
302.323
302.911
303.219
303.589
303.680
303.801
304.008
304.118
304.364
304.888
305.308
305.642
305.861
306.038
306.211
306.400
306.722
307.362
307.537
307.734
308.005
308.387
308.549
308.756
308.957
309.230
309.492
309.747
309.986
310.233
310.465
310.675
310.819
310.960
311.098
311.152
311.203
311.253
311.323
311.376
311.429
311.504
311.584
311.664
311.799
311.939
312.149
312.491
312.613
312.808
313.069
313.357
313.470
313.682
313.848
314.320
314.522
314.639
315.189
315.453
315.919
316.443
317.052
317.620
318.704
319.527
321.011
323.830
325.639
328.305
330.195
331.205
331.471
333.448
337.769
347.479
351.680
354.088
355.091
357.045
362.056
365.183
367.884
374.362
393.844
