3954.824
5272.843
5340.491
5367.036
5396.416
5424.529
5448.678
5471.473
5486.695
5501.084
5512.902
5522.189
5531.709
5541.682
5551.051
5558.643
5567.196
5578.284
5589.678
5598.866
5606.160
5613.725
5620.992
5627.120
5633.698
5638.651
5645.085
5650.728
5656.385
5661.605
5669.346
5675.949
5682.333
5687.435
5693.434
5700.245
5706.839
5713.117
5719.326
5727.127
5733.060
5738.732
5745.193
5752.010
5757.707
5763.878
5768.602
5773.287
5779.020
5783.848
5789.556
5794.417
5798.522
5805.036
5809.351
5815.938
5820.839
5827.025
5832.065
5838.078
5843.599
5848.409
5854.141
5858.495
5865.205
5873.010
5879.285
5888.357
5894.885
5901.751
5906.664
5914.783
5918.902
5927.349
5932.569
5940.363
5946.585
5952.695
5960.426
5966.570
5972.818
5980.426
5988.581
5997.987
6003.014
6011.911
6021.152
6025.346
6033.519
6049.609
6066.434
6084.981
6100.163
6117.804
6134.920
6157.732
6180.666
6287.863
6371.660
6532.873
