358.062
414.498
426.223
436.686
438.435
446.478
449.665
454.124
459.523
462.708
467.879
470.444
471.318
472.671
475.149
477.391
480.355
481.692
482.663
485.055
487.724
491.064
492.316
493.845
497.898
500.416
503.148
505.054
508.695
509.688
512.909
514.586
516.755
517.819
519.185
520.263
521.997
523.061
524.812
527.188
529.006
530.545
531.027
531.398
531.677
532.492
533.664
534.707
536.645
539.081
542.028
543.323
544.180
544.817
545.353
547.338
550.482
552.215
553.250
554.165
555.362
557.281
561.013
562.623
564.244
565.239
567.464
570.127
572.064
573.618
576.148
578.388
581.621
587.275
592.540
593.440
598.945
601.585
602.778
606.923
612.450
616.618
620.801
628.259
632.971
639.109
642.277
651.899
657.228
663.420
671.746
688.279
705.485
740.789
759.851
815.818
845.704
862.483
873.105
878.396
