7.915
22.153
30.351
34.713
39.304
43.150
47.944
51.494
54.960
57.811
60.122
63.761
67.023
68.936
71.027
73.926
75.933
78.162
82.108
85.610
88.462
90.522
93.879
97.732
100.072
102.184
103.504
104.086
107.748
110.401
111.789
113.147
114.053
116.313
118.140
119.476
121.757
123.312
124.302
124.871
126.113
128.933
131.437
131.983
132.853
134.233
136.031
137.701
140.254
142.238
144.155
146.823
150.173
151.157
152.560
155.926
158.657
159.589
163.086
168.148
170.890
172.298
175.400
179.320
179.678
182.967
187.135
187.315
188.870
189.945
190.931
191.434
192.580
192.963
194.228
195.089
195.388
197.057
198.510
200.348
201.384
202.448
204.002
204.784
205.510
206.737
209.733
212.062
215.562
221.458
236.755
240.829
242.163
245.344
259.238
264.589
265.875
273.928
292.599
294.474
