696.947
1159.990
1718.933
1939.602
1997.258
2014.050
2031.919
2046.878
2063.889
2074.889
2080.951
2092.083
2103.548
2118.172
2129.472
2136.675
2145.148
2156.925
2167.340
2177.078
2186.358
2194.372
2203.634
2213.311
2229.507
2239.984
2245.825
2252.734
2258.772
2268.455
2277.103
2283.757
2292.108
2297.986
2307.986
2315.509
2320.259
2325.959
2335.528
2345.718
2356.003
2363.625
2368.023
2371.063
2377.759
2384.315
2390.642
2398.403
2408.735
2416.163
2423.366
2433.344
2440.482
2446.682
2451.327
2457.800
2463.589
2476.405
2487.072
2496.567
2508.117
2517.379
2528.092
2543.863
2560.763
2575.395
2594.806
2622.692
2663.786
2688.505
2701.310
2731.323
2747.954
2766.347
2788.136
2803.710
2825.080
2844.003
2860.419
2885.394
2917.392
2942.089
2970.979
2998.017
3024.376
3058.610
3099.110
3146.229
3194.204
3245.497
3287.728
3328.880
3379.412
3459.858
3791.467
3924.073
4107.653
5383.853
5824.610
15110.562
