568.452
599.115
1029.450
1381.702
1427.616
1446.907
1459.508
1474.547
1477.447
1479.923
1483.650
1489.723
1492.952
1495.971
1498.621
1500.527
1502.328
1504.912
1511.391
1514.924
1518.141
1523.208
1526.297
1530.536
1537.921
1540.704
1542.565
1545.498
1550.285
1555.305
1559.842
1562.226
1565.499
1567.937
1571.719
1576.285
1582.504
1586.784
1589.342
1591.812
1595.504
1599.858
1603.872
1606.732
1612.078
1618.469
1622.943
1625.505
1627.762
1632.079
1635.966
1640.646
1642.947
1644.567
1647.772
1651.468
1653.833
1658.205
1660.305
1663.434
1669.247
1675.214
1678.751
1681.040
1685.450
1690.629
1694.635
1700.644
1705.413
1708.580
1710.786
1712.328
1716.071
1718.669
1722.460
1726.837
1730.960
1734.322
1738.694
1743.571
1749.209
1754.502
1761.061
1767.939
1773.321
1775.929
1779.722
1783.284
1791.061
1806.484
1814.422
1831.869
1843.198
1850.641
1856.277
1863.996
1874.853
1886.866
1901.397
1931.563
