645.873
1154.843
1599.072
1860.268
1874.319
1886.056
1897.364
1903.138
1911.268
1914.114
1918.614
1923.399
1926.678
1930.800
1936.721
1940.907
1945.419
1947.735
1951.486
1956.049
1961.631
1966.605
1976.135
1981.262
1987.794
2002.182
2010.112
2019.993
2041.306
2064.599
2104.781
2138.571
2175.849
2212.074
2226.978
2237.487
2246.908
2254.218
2260.195
2266.375
2271.653
2276.587
2281.091
2286.486
2290.432
2294.833
2297.473
2301.540
2306.274
2311.451
2317.732
2322.264
2325.314
2328.474
2331.916
2334.380
2338.411
2342.005
2344.891
2347.521
2350.865
2355.899
2360.841
2366.768
2373.892
2381.958
2390.424
2395.867
2409.852
2422.771
2443.271
2461.928
2480.293
2510.449
2588.999
2616.734
2631.217
2644.020
2657.724
2668.452
2680.896
2693.434
2699.254
2706.381
2712.514
2720.873
2725.360
2732.474
2740.196
2747.240
2752.793
2758.412
2767.216
2783.036
2808.980
2863.158
3135.194
3274.322
3355.453
3797.395
