149.144
246.344
288.788
295.163
298.213
300.681
301.189
301.809
302.310
303.025
303.195
303.276
303.476
303.966
304.190
304.294
304.726
305.599
305.744
306.056
306.216
306.369
306.543
306.707
306.877
307.390
307.739
307.917
308.054
308.264
308.355
308.572
308.895
309.173
309.448
309.620
309.863
310.130
310.256
310.373
310.510
310.654
311.275
312.504
316.183
317.121
318.245
318.448
318.889
319.518
320.170
320.657
321.312
321.600
322.020
322.684
323.259
323.624
324.470
325.651
326.202
326.882
327.727
329.316
330.047
330.785
332.464
337.855
342.121
342.986
344.757
345.779
346.682
347.263
348.228
350.080
351.288
352.027
352.380
353.432
353.987
354.370
354.463
355.125
356.103
356.611
356.919
357.919
359.129
359.981
361.400
362.731
371.923
373.067
374.835
375.637
378.510
380.358
398.006
428.000
