7.078
29.836
38.603
47.582
60.203
70.943
77.342
82.074
99.053
112.393
124.320
134.028
143.593
156.276
171.152
197.398
210.605
225.803
236.910
257.950
267.200
284.128
294.180
305.304
316.628
322.880
333.343
343.408
353.789
370.456
385.874
397.679
407.536
413.507
419.464
424.431
431.981
440.084
445.996
451.770
463.942
474.466
485.549
497.026
512.854
521.905
530.920
538.944
542.231
545.385
548.088
554.183
570.154
583.104
586.913
634.653
647.116
665.706
680.783
687.156
691.399
719.562
753.943
812.155
819.549
864.704
875.193
921.096
942.027
1000.690
1019.080
1039.513
1043.758
1051.348
1148.585
1160.250
1176.649
1191.787
1204.836
1210.494
1210.922
1232.587
1240.343
1254.671
1279.306
1298.939
1333.923
1346.879
1347.332
1360.189
1386.608
1400.134
1447.759
1478.810
1513.649
1514.342
1900.147
1959.059
2005.682
2068.787
