2365.321
2649.838
2673.015
2689.241
2702.396
2713.509
2726.374
2733.656
2741.611
2749.258
2755.114
2761.414
2766.248
2769.545
2775.710
2779.547
2782.595
2788.103
2791.439
2793.564
2799.243
2801.472
2804.245
2806.556
2811.880
2814.306
2816.217
2819.554
2824.548
2826.759
2829.634
2834.791
2837.230
2840.031
2844.652
2847.753
2849.742
2852.455
2856.765
2859.490
2861.344
2863.949
2868.033
2870.937
2873.178
2875.678
2878.198
2881.929
2884.323
2886.280
2888.024
2890.762
2895.136
2896.226
2897.173
2899.114
2901.796
2905.939
2907.353
2908.704
2910.513
2914.099
2917.713
2919.517
2921.256
2923.940
2925.765
2928.370
2931.279
2934.445
2936.279
2938.322
2940.734
2944.122
2946.948
2949.818
2953.723
2957.244
2960.820
2965.283
2968.336
2971.218
2978.127
2981.331
2989.354
2993.715
3000.937
3004.392
3011.802
3019.272
3028.666
3045.424
3071.363
3084.722
3095.559
3112.674
3136.558
3156.414
3209.845
3279.685
