144.383
203.093
237.185
271.129
285.537
286.791
292.744
295.507
297.365
298.001
298.570
299.234
299.546
299.865
300.211
300.630
300.834
300.991
301.099
301.662
302.011
302.431
302.602
303.946
304.390
304.787
305.483
305.957
308.754
309.709
310.001
310.187
310.283
310.419
310.491
310.594
310.678
310.717
310.826
310.983
311.157
311.613
311.970
312.182
312.509
312.856
313.136
313.298
313.544
314.026
314.291
314.699
315.183
315.407
315.727
315.872
316.233
316.456
316.663
316.735
316.927
317.091
317.263
317.643
318.193
318.876
319.606
320.131
320.563
321.182
322.764
323.501
324.281
325.279
325.517
326.783
328.882
332.406
336.452
338.505
340.952
342.614
343.511
345.338
348.305
350.805
352.847
358.490
359.895
361.138
363.539
365.281
366.144
373.155
381.496
383.409
386.490
392.483
405.882
427.132
