561.704
574.601
1000.435
1353.238
1366.007
1384.232
1397.530
1402.257
1408.295
1414.421
1417.632
1422.534
1423.919
1425.260
1427.561
1429.625
1433.738
1434.531
1436.058
1439.211
1442.102
1444.050
1446.183
1447.324
1448.458
1449.879
1451.675
1453.418
1454.789
1456.288
1457.884
1459.945
1460.925
1461.906
1463.017
1463.875
1464.662
1465.650
1466.876
1468.943
1470.319
1472.184
1474.734
1476.186
1481.877
1483.305
1486.984
1492.574
1495.359
1497.986
1499.938
1505.591
1512.746
1519.254
1531.783
1544.201
1555.119
1562.358
1567.368
1572.328
1576.967
1584.689
1589.490
1592.445
1597.563
1603.351
1607.742
1614.548
1621.643
1626.372
1636.676
1649.708
1670.237
1676.386
1682.983
1690.294
1699.657
1705.016
1710.145
1713.284
1715.351
1716.878
1721.251
1723.881
1728.799
1732.553
1735.708
1737.323
1739.604
1746.988
1752.321
1757.162
1762.560
1765.354
1768.408
1771.430
1782.898
1791.621
1806.246
1824.105
