79.900
168.373
195.471
223.515
247.636
265.752
287.954
309.314
328.878
339.214
347.295
362.208
394.681
401.208
408.825
416.372
421.007
447.496
478.043
511.798
553.123
584.758
626.916
636.977
656.122
674.615
699.116
720.767
738.219
756.131
787.738
803.895
846.506
887.218
938.424
986.793
1002.201
1020.896
1052.518
1076.732
1105.141
1121.319
1166.182
1170.187
1185.186
1193.683
1203.885
1216.093
1224.447
1238.900
1246.843
1265.976
1294.395
1319.532
1332.024
1347.340
1363.224
1372.494
1374.580
1398.278
1422.353
1439.537
1464.182
1504.818
1525.315
1537.776
1550.065
1590.524
1592.049
1598.334
1616.674
1678.191
1772.029
1795.115
1854.968
1867.549
1892.570
1977.957
2114.462
2143.057
2148.607
2191.496
2267.838
2285.442
2362.301
2372.444
2393.424
2416.498
2437.548
2453.411
2475.616
2518.289
2557.889
2850.618
2852.206
2917.144
2980.572
3378.528
3410.274
3425.186
