656.885
1118.735
1640.253
1872.798
1883.223
1896.016
1901.429
1916.224
1934.019
1943.188
1947.546
1965.598
1979.231
1989.449
1993.609
2002.051
2012.933
2021.944
2039.825
2049.322
2062.587
2079.274
2099.398
2122.356
2141.946
2156.024
2169.897
2188.274
2206.216
2220.445
2232.286
2237.007
2243.907
2250.868
2256.630
2264.361
2272.501
2280.858
2291.881
2302.697
2315.524
2325.743
2336.320
2347.742
2359.945
2370.169
2378.279
2384.970
2392.499
2402.963
2411.916
2420.169
2429.317
2438.863
2447.517
2460.211
2470.573
2484.272
2495.667
2505.942
2518.471
2528.721
2543.969
2559.575
2572.060
2585.977
2606.202
2620.198
2630.427
2641.731
2654.119
2668.300
2676.514
2687.507
2700.841
2715.238
2730.977
2744.473
2765.998
2784.366
2794.315
2806.797
2828.390
2845.168
2856.758
2876.792
2894.981
2913.700
2961.058
3001.707
3039.882
3080.549
3115.353
3175.326
3263.739
3379.358
3640.998
3814.978
5076.670
8533.155
