651.097
1103.493
1539.737
1833.874
1863.374
1881.242
1892.198
1902.868
1913.395
1924.316
1935.425
1940.140
1948.183
1954.377
1963.618
1967.779
1971.935
1977.849
1984.910
1994.504
2000.333
2010.927
2030.305
2040.298
2049.500
2069.812
2086.265
2096.089
2108.030
2125.391
2141.424
2158.342
2178.256
2197.163
2209.936
2221.015
2232.811
2241.507
2247.546
2253.844
2259.368
2265.341
2269.618
2273.906
2276.050
2280.262
2285.338
2290.891
2296.907
2300.634
2304.756
2312.444
2318.015
2322.363
2325.930
2329.245
2336.024
2341.980
2345.848
2349.756
2357.952
2367.524
2373.752
2380.015
2385.959
2390.591
2395.197
2403.443
2413.138
2424.507
2440.974
2455.517
2470.329
2486.477
2514.499
2538.948
2555.127
2578.755
2611.102
2635.894
2652.868
2663.744
2673.855
2683.692
2696.018
2711.129
2725.003
2741.275
2765.716
2776.994
2792.925
2804.352
2841.222
2937.061
3034.810
3140.572
3264.277
3376.556
3819.591
8335.897
