9.490
18.956
30.325
33.796
35.534
40.366
42.035
46.482
53.181
58.167
60.269
63.503
65.639
68.959
71.439
74.065
75.880
78.798
81.345
83.672
85.896
90.732
93.299
94.848
96.274
99.039
101.081
103.482
104.254
106.106
107.692
110.352
111.477
113.267
115.406
118.410
120.995
123.097
125.394
127.140
129.104
130.823
131.818
132.703
133.335
133.828
135.515
136.177
137.815
139.649
140.863
141.461
142.489
143.963
144.635
147.460
148.930
150.679
153.219
157.656
158.781
161.017
164.319
164.747
165.851
166.552
171.120
172.320
173.430
174.163
176.256
178.597
179.889
182.039
184.944
187.867
189.881
191.406
195.668
202.993
206.796
211.058
219.506
221.137
221.851
224.483
226.675
228.755
230.734
238.094
249.290
255.511
258.961
264.476
279.577
286.227
287.939
291.188
293.363
295.684
