148.784
230.613
253.342
347.249
389.311
420.926
445.833
456.602
507.384
546.663
586.698
611.354
631.480
642.684
654.681
660.544
668.538
682.507
714.738
732.297
747.647
756.662
773.209
792.402
801.272
838.430
853.148
875.563
893.686
906.456
929.944
960.981
995.910
1019.646
1034.722
1060.021
1082.062
1093.288
1097.895
1113.695
1124.784
1126.936
1165.063
1179.714
1184.125
1216.721
1291.640
1322.273
1388.822
1410.352
1437.312
1464.346
1491.143
1515.013
1528.305
1538.750
1563.826
1582.991
1591.826
1617.102
1622.105
1626.571
1629.562
1636.251
1662.185
1667.298
1686.161
1707.149
1735.121
1778.260
1834.883
1849.536
1883.445
1897.383
1932.106
1954.621
1984.170
1993.654
1997.988
2026.522
2045.029
2090.721
2094.663
2109.277
2159.440
2215.210
2220.394
2310.115
2335.579
2351.388
2645.721
2751.248
2752.193
2829.765
2846.221
2896.990
2987.922
3277.311
3392.914
3403.369
