546.131
558.520
1024.987
1326.979
1349.189
1393.366
1397.369
1400.147
1401.763
1404.691
1410.073
1413.666
1415.126
1426.718
1432.478
1435.979
1437.807
1438.648
1439.986
1441.748
1445.366
1450.568
1452.582
1455.239
1457.022
1461.445
1466.423
1469.266
1475.348
1479.769
1483.040
1485.806
1489.305
1491.512
1495.043
1497.134
1499.606
1500.933
1503.933
1505.676
1508.106
1510.447
1513.326
1517.114
1520.528
1527.226
1530.371
1535.602
1541.338
1546.043
1549.138
1551.101
1553.054
1560.372
1572.102
1582.706
1590.719
1602.719
1608.044
1625.843
1650.359
1665.378
1679.591
1686.876
1692.927
1699.617
1712.159
1727.287
1733.413
1738.358
1743.461
1750.099
1759.653
1767.884
1774.902
1780.102
1786.226
1788.405
1790.325
1793.084
1796.290
1801.683
1805.370
1811.869
1815.482
1822.282
1829.908
1834.493
1837.419
1842.591
1845.907
1849.898
1858.156
1879.114
1893.478
1902.922
1908.395
1920.241
1942.443
1969.437
