621.335
633.400
1191.478
1373.632
1403.402
1409.429
1417.153
1423.923
1430.761
1441.271
1446.667
1449.740
1451.790
1454.528
1459.879
1466.413
1473.667
1479.586
1483.087
1486.829
1493.174
1498.024
1507.846
1511.119
1514.765
1519.074
1525.785
1532.146
1534.683
1537.115
1540.295
1542.562
1548.356
1551.257
1553.796
1556.902
1559.659
1563.919
1572.417
1580.738
1587.321
1594.195
1596.078
1599.814
1603.575
1608.155
1609.588
1611.243
1612.332
1614.174
1617.013
1623.132
1624.983
1628.026
1630.084
1635.010
1637.487
1639.870
1643.303
1647.767
1650.675
1651.997
1658.298
1661.712
1670.555
1676.767
1683.709
1690.025
1696.682
1709.005
1722.410
1733.227
1744.146
1751.258
1760.121
1768.650
1775.872
1781.667
1787.268
1794.670
1802.782
1807.979
1814.196
1823.342
1834.772
1847.446
1854.664
1859.598
1873.097
1885.097
1890.503
1900.497
1913.965
1935.714
1941.234
1949.187
1965.611
1977.613
2006.279
2012.457
