135.974
257.895
288.738
296.148
296.817
297.965
298.565
299.323
300.663
302.482
303.020
303.524
303.898
305.537
305.943
306.216
307.414
308.046
308.283
308.451
308.489
308.596
308.748
308.869
309.040
309.420
309.752
310.073
310.242
310.520
310.724
310.998
311.517
312.701
313.042
313.432
313.520
313.736
314.069
314.717
315.369
316.148
316.845
317.281
317.895
318.679
319.763
320.346
320.696
321.390
321.796
322.199
322.506
322.693
322.853
323.066
323.273
323.405
323.848
324.110
324.378
324.646
325.160
325.530
325.915
326.448
326.925
327.513
328.377
329.423
330.845
334.847
335.600
336.376
338.240
340.479
341.969
343.472
344.293
345.415
350.130
351.241
353.785
358.238
361.425
363.283
363.846
364.803
365.141
366.574
368.310
370.182
371.112
376.931
379.814
382.682
383.928
387.000
403.277
472.448
