11.462
28.192
44.492
60.161
79.365
88.543
94.949
105.559
120.065
149.826
160.687
173.535
186.099
199.947
214.032
224.652
232.602
240.409
254.051
266.290
272.174
281.944
287.620
294.286
302.223
313.938
322.286
334.533
343.144
349.028
356.688
369.545
377.921
385.715
396.122
407.866
414.262
421.659
434.450
447.961
459.995
461.027
463.593
468.841
472.993
482.343
493.536
503.976
521.282
531.149
546.067
553.151
574.302
590.124
641.078
662.296
694.605
738.965
750.250
770.423
887.806
893.551
906.597
915.373
917.079
923.257
925.035
929.038
939.550
945.306
953.903
971.947
1010.457
1037.874
1045.720
1063.139
1069.459
1256.578
1268.784
1300.261
1322.171
1324.819
1336.645
1364.451
1416.174
1418.541
1424.545
1488.397
1498.770
1503.170
1530.675
1535.612
1647.277
1684.734
1734.395
1771.967
1866.612
1936.692
1981.632
1987.684
