160.366
203.242
244.757
280.652
287.651
294.076
295.027
298.486
299.388
299.796
300.159
300.429
300.765
301.673
302.299
302.846
303.764
304.538
304.844
304.994
305.180
305.431
305.786
305.976
306.204
306.387
306.580
306.790
307.058
307.232
307.436
307.721
308.181
308.872
309.576
310.309
310.686
310.971
311.233
311.460
311.779
312.397
313.194
313.856
314.683
315.058
315.370
315.598
315.856
316.303
316.593
316.955
317.204
317.287
317.409
317.715
318.126
318.979
319.718
320.063
320.325
320.507
320.597
321.050
322.244
323.244
325.118
326.823
327.771
328.709
330.041
330.858
331.099
331.648
333.390
336.951
343.389
346.584
348.012
349.553
350.815
351.563
353.284
354.942
355.882
357.516
359.749
361.289
362.058
362.703
363.690
368.253
371.348
373.843
385.588
412.244
420.395
424.630
428.972
445.678
