2382.471
2641.873
2668.547
2691.920
2708.360
2727.811
2738.315
2749.518
2756.316
2762.319
2770.272
2775.648
2781.973
2787.757
2793.677
2798.742
2802.817
2808.904
2812.261
2815.606
2820.529
2823.656
2825.805
2830.745
2833.724
2836.119
2838.638
2841.038
2844.468
2847.651
2850.519
2853.281
2856.027
2858.956
2862.913
2867.466
2869.591
2873.508
2876.618
2880.454
2883.197
2886.067
2890.144
2892.854
2894.994
2898.234
2903.120
2906.215
2909.286
2913.773
2916.608
2920.001
2923.334
2927.561
2930.090
2933.433
2936.550
2940.165
2944.083
2948.324
2952.913
2956.055
2959.017
2963.604
2966.387
2968.630
2972.399
2976.411
2978.631
2982.099
2986.624
2989.428
2993.421
2998.349
3002.229
3007.569
3012.671
3016.712
3023.364
3029.157
3035.021
3040.749
3046.901
3052.437
3057.839
3062.462
3068.032
3071.983
3076.768
3081.334
3086.830
3091.459
3097.600
3107.413
3118.811
3131.172
3209.476
3259.191
3311.819
3370.510
