359.301
409.971
429.725
433.534
443.952
453.253
456.052
459.343
467.035
468.108
469.418
471.434
478.836
479.984
480.384
480.789
482.128
483.640
485.073
486.786
489.430
490.727
492.268
493.111
493.835
495.113
496.467
498.579
499.834
500.848
502.529
503.569
504.790
506.029
507.000
508.188
509.092
511.728
512.387
513.985
515.193
516.044
517.016
518.156
519.277
520.041
521.002
522.017
522.962
524.959
526.384
527.817
528.804
530.032
530.748
531.315
531.959
533.064
534.742
537.961
539.004
541.470
542.890
545.603
548.565
550.619
553.480
556.401
563.772
567.762
569.698
574.229
577.896
580.538
582.386
591.929
594.257
599.469
602.532
605.485
613.660
619.333
626.337
637.994
646.398
660.331
670.479
676.573
687.319
696.224
708.749
724.339
742.212
750.536
781.656
804.877
832.172
849.567
898.940
987.881
