4364.785
5314.859
5356.371
5383.161
5402.383
5421.374
5436.363
5447.706
5457.585
5468.167
5477.386
5486.410
5493.126
5503.148
5512.512
5523.368
5533.784
5544.844
5553.776
5561.458
5568.677
5575.464
5583.598
5591.462
5598.360
5604.973
5612.881
5618.799
5627.017
5635.669
5643.475
5653.096
5661.042
5669.281
5675.430
5684.241
5694.688
5701.890
5709.823
5717.943
5724.682
5732.499
5736.910
5744.328
5749.014
5756.506
5763.294
5771.181
5778.046
5783.587
5789.347
5794.237
5798.477
5802.919
5807.145
5811.341
5815.689
5819.430
5825.363
5829.696
5834.717
5839.669
5844.281
5849.474
5853.577
5857.678
5862.096
5866.422
5871.944
5876.426
5881.676
5886.242
5890.887
5896.438
5901.551
5906.546
5912.850
5919.809
5928.166
5937.121
5944.196
5950.737
5958.396
5964.141
5969.549
5975.930
5983.293
5991.085
5997.886
6010.461
6026.625
6056.195
6083.558
6103.384
6124.171
6146.310
6229.481
6305.206
6354.999
6456.081
