727.138
1294.210
1740.866
1858.176
1864.629
1874.335
1881.400
1884.528
1892.215
1896.355
1902.852
1910.899
1916.449
1920.983
1925.534
1935.451
1941.825
1950.916
1961.307
1972.785
1989.970
2001.726
2016.384
2032.284
2047.313
2087.656
2151.205
2205.190
2237.787
2252.796
2262.201
2268.611
2275.020
2279.510
2284.000
2289.689
2295.275
2299.661
2303.008
2307.347
2312.145
2316.033
2319.871
2323.000
2328.761
2333.817
2339.438
2345.728
2351.488
2356.443
2363.836
2373.387
2378.028
2382.785
2391.229
2401.827
2409.886
2416.858
2430.817
2445.195
2453.475
2460.226
2483.169
2502.429
2530.873
2554.998
2571.519
2584.926
2606.476
2620.006
2635.268
2651.931
2665.182
2676.520
2688.380
2697.083
2705.902
2713.830
2718.982
2727.428
2735.147
2743.074
2750.641
2760.925
2768.151
2781.314
2788.910
2798.380
2817.113
2835.611
2859.466
2885.918
2936.523
3130.478
3202.624
3286.120
3437.172
3876.862
5271.650
9660.581
