179.903
254.726
265.623
280.776
289.852
298.566
300.229
301.039
301.569
302.208
302.428
302.581
302.700
302.886
303.063
303.607
303.810
303.931
304.102
304.348
304.491
304.689
304.839
305.022
305.205
305.837
306.333
306.521
306.758
307.500
308.059
308.439
308.787
308.998
309.282
309.591
309.859
310.092
310.254
310.398
310.563
310.676
311.016
311.347
311.887
312.246
312.621
313.154
313.542
313.926
314.081
314.276
314.508
314.623
315.487
316.780
317.559
318.647
319.269
320.083
320.543
320.826
321.472
322.545
323.815
325.623
326.284
327.368
328.289
329.145
330.259
331.243
332.410
333.279
334.859
336.452
337.088
339.916
342.231
343.878
345.636
348.502
353.809
359.124
360.185
361.911
364.782
366.381
367.342
368.578
369.782
371.653
377.776
390.877
392.826
393.613
394.252
395.252
408.183
415.115
