171.100
250.082
266.026
281.716
298.193
298.810
299.306
300.048
300.426
300.800
301.029
301.419
302.130
302.383
302.761
303.157
303.474
303.715
304.269
304.663
304.860
305.042
305.411
305.596
305.762
305.886
306.031
306.100
306.332
306.554
306.639
306.690
306.855
306.961
307.202
307.887
308.093
308.274
308.513
308.708
308.963
309.160
309.246
309.427
309.514
309.860
310.043
310.344
310.556
310.778
311.132
311.771
311.982
312.159
312.338
312.514
312.887
313.472
314.445
315.313
315.860
316.370
316.662
317.004
317.391
317.706
318.055
318.249
318.597
318.830
319.528
320.983
322.369
323.144
323.564
323.678
323.810
323.926
324.203
324.807
328.105
333.405
337.140
339.588
342.397
343.729
344.788
346.245
348.910
358.498
359.778
360.649
360.876
361.730
365.886
368.528
371.148
373.554
384.308
402.037
