461.545
518.001
900.068
1308.431
1335.165
1386.290
1394.627
1410.717
1415.366
1417.667
1421.360
1425.522
1427.608
1432.570
1445.364
1448.527
1449.793
1452.829
1456.399
1457.632
1459.841
1463.907
1466.284
1471.558
1474.266
1477.780
1481.314
1487.873
1490.518
1497.753
1510.018
1518.826
1525.807
1536.833
1543.169
1547.070
1549.244
1550.008
1551.890
1556.605
1564.140
1568.018
1573.211
1576.183
1581.710
1583.885
1587.996
1591.000
1592.160
1595.430
1596.515
1597.336
1598.367
1599.552
1601.223
1602.894
1604.872
1608.324
1613.968
1620.192
1622.174
1624.772
1626.129
1628.943
1633.418
1638.088
1644.310
1651.078
1654.853
1664.778
1669.522
1672.530
1678.622
1686.220
1694.204
1701.303
1707.618
1710.835
1714.192
1716.482
1719.334
1723.995
1725.691
1728.493
1734.795
1743.248
1747.099
1748.601
1750.199
1752.994
1760.639
1766.143
1771.257
1773.492
1775.425
1783.193
1794.565
1813.633
1848.495
1920.967
