506.206
562.950
1012.261
1388.037
1392.529
1403.974
1410.450
1421.243
1428.588
1432.142
1434.216
1435.983
1437.044
1438.086
1439.080
1439.863
1440.869
1441.799
1443.395
1446.737
1447.674
1448.663
1450.733
1453.626
1455.795
1459.099
1461.722
1463.502
1467.696
1473.511
1479.349
1483.105
1484.810
1486.213
1488.890
1498.478
1503.378
1505.473
1507.046
1508.183
1510.390
1514.506
1516.824
1521.527
1524.412
1527.795
1535.534
1539.651
1547.233
1551.206
1558.223
1566.246
1572.535
1580.122
1589.325
1595.371
1608.371
1616.155
1618.656
1624.590
1629.657
1637.354
1649.198
1655.425
1658.761
1662.769
1677.217
1684.887
1688.444
1694.274
1700.433
1705.825
1711.389
1715.654
1723.758
1728.624
1735.568
1744.901
1757.008
1767.399
1771.207
1774.680
1779.492
1783.496
1789.596
1795.595
1805.193
1809.639
1812.488
1815.819
1824.506
1834.847
1846.242
1855.115
1869.791
1875.269
1886.966
1908.887
1922.623
1956.280
