790.469
1284.028
1809.790
1896.116
1915.897
1935.403
1957.945
1983.475
1993.822
2004.652
2015.826
2027.212
2036.843
2047.773
2064.300
2075.214
2083.938
2095.418
2111.893
2122.152
2130.350
2137.227
2144.855
2157.507
2165.622
2172.379
2178.919
2187.690
2192.801
2211.078
2220.325
2230.971
2237.456
2250.043
2256.594
2263.165
2269.117
2274.362
2282.124
2290.993
2296.211
2300.520
2305.843
2311.282
2316.496
2321.759
2325.419
2333.734
2338.620
2343.161
2347.140
2351.555
2356.439
2363.434
2367.631
2375.579
2381.326
2388.025
2395.738
2403.766
2409.437
2417.077
2425.197
2435.544
2446.332
2456.563
2465.072
2472.217
2481.176
2489.726
2497.772
2508.039
2516.778
2526.189
2542.278
2551.099
2564.077
2587.233
2601.370
2619.346
2638.344
2655.411
2674.148
2697.347
2726.174
2754.895
2781.927
2816.792
2846.629
2873.717
2924.389
2974.819
3019.273
3111.614
3268.073
3428.569
3790.915
4087.190
5563.114
8903.226
