3854.472
5334.015
5380.877
5406.276
5430.217
5449.336
5465.323
5482.570
5497.612
5510.834
5525.879
5543.513
5555.553
5567.514
5577.446
5585.507
5593.634
5601.649
5607.922
5616.257
5626.328
5636.744
5646.290
5654.007
5661.967
5668.887
5676.662
5683.614
5689.705
5698.647
5704.656
5711.982
5718.639
5724.061
5731.129
5737.320
5744.039
5748.867
5755.772
5760.968
5767.713
5772.825
5778.616
5782.878
5787.200
5792.413
5797.463
5802.285
5807.253
5811.362
5816.021
5820.127
5823.371
5829.052
5832.900
5838.721
5842.822
5846.934
5852.159
5855.760
5859.559
5864.834
5868.212
5872.942
5878.266
5883.610
5888.201
5892.603
5896.706
5903.936
5908.983
5914.915
5918.907
5926.017
5930.329
5937.200
5942.473
5947.865
5952.991
5958.510
5963.858
5970.637
5978.478
5987.400
5995.746
6004.309
6017.745
6029.486
6043.400
6057.262
6076.093
6094.934
6162.340
6210.750
6233.532
6259.694
6318.840
6367.322
6431.847
6555.506
