12.426
32.563
64.114
88.414
115.450
128.743
137.333
155.650
189.574
214.499
235.727
247.802
258.304
267.542
275.281
281.535
288.941
303.976
310.363
316.026
320.351
325.660
330.050
342.223
357.775
368.463
382.160
397.438
409.979
418.622
423.825
430.630
435.937
448.705
457.529
461.646
471.142
478.421
482.200
485.889
491.716
494.717
504.270
512.719
518.920
522.666
526.856
536.703
550.459
554.623
565.934
582.318
598.201
613.858
619.863
629.774
638.260
647.681
655.101
658.992
661.832
663.614
666.926
673.391
680.872
702.433
719.773
800.299
920.568
945.612
1048.401
1076.783
1089.857
1121.978
1154.421
1159.432
1194.519
1194.983
1203.170
1270.858
1324.932
1367.182
1381.760
1387.584
1389.958
1400.382
1433.005
1437.322
1442.247
1530.775
1554.131
1590.416
1594.342
1601.387
1605.065
1625.479
1663.572
1692.049
1706.669
1733.654
