10.129
17.866
21.931
26.163
29.093
34.847
38.248
41.548
45.166
48.904
52.826
54.630
56.194
57.677
59.978
62.030
63.283
65.376
67.793
69.845
72.757
75.180
78.292
82.217
85.936
87.559
89.162
91.296
93.091
94.602
96.271
98.694
100.731
101.963
104.517
105.465
107.720
109.781
112.409
113.183
116.884
119.228
121.864
123.110
123.954
126.076
129.030
130.178
131.030
131.739
133.550
135.278
136.235
137.255
138.071
140.820
143.316
145.137
146.535
148.172
152.805
154.225
157.289
160.937
162.527
163.775
165.421
167.207
170.956
172.892
175.259
177.576
179.483
180.572
181.880
182.019
183.014
184.126
184.783
186.785
188.651
196.862
198.024
208.934
223.227
229.054
230.864
233.291
236.656
237.551
237.674
240.422
245.698
273.156
284.807
286.112
315.728
316.591
320.056
320.792
