2252.617
2566.189
2596.629
2619.140
2641.392
2660.178
2672.967
2681.505
2688.713
2693.154
2699.180
2702.113
2707.970
2713.116
2718.792
2724.960
2730.665
2735.169
2739.206
2742.456
2748.422
2751.918
2757.047
2761.207
2764.014
2766.486
2771.216
2774.284
2776.967
2782.740
2785.492
2788.222
2791.499
2795.523
2796.844
2798.658
2801.092
2805.056
2807.355
2809.231
2811.512
2813.752
2817.168
2820.324
2822.207
2824.302
2827.770
2830.645
2832.551
2834.575
2837.637
2841.583
2843.603
2845.070
2848.248
2851.568
2854.956
2857.669
2859.504
2861.917
2866.054
2868.162
2870.536
2872.981
2876.381
2878.875
2881.609
2883.455
2886.787
2889.260
2891.775
2894.475
2897.747
2900.919
2903.723
2906.275
2908.871
2914.653
2918.504
2925.390
2929.972
2938.009
2944.950
2960.608
2977.800
2991.651
3000.947
3010.486
3017.379
3028.773
3044.801
3064.329
3075.507
3093.288
3122.790
3161.548
3182.074
3197.451
3217.813
3242.654
