336.361
435.515
437.853
450.064
452.097
457.697
460.260
463.071
466.010
468.291
469.266
470.786
475.512
478.145
479.852
484.831
486.933
490.568
491.741
492.755
493.648
494.401
495.185
500.015
502.077
503.129
503.583
503.938
504.265
504.802
505.418
506.054
506.602
508.796
510.398
512.719
513.786
514.400
514.903
515.231
515.488
515.940
516.354
516.738
517.290
518.234
519.182
519.817
520.537
521.526
523.163
524.523
525.311
526.400
527.333
528.667
529.701
530.589
531.512
532.666
533.868
536.085
537.680
539.436
540.523
541.822
543.920
546.860
548.536
549.980
551.391
553.680
555.509
558.368
561.985
563.662
564.899
567.839
573.179
580.494
585.893
590.960
600.628
610.992
619.426
643.762
679.203
698.439
717.374
746.517
811.346
837.610
856.911
866.438
876.353
885.336
890.036
910.783
925.272
946.332
