68.189
183.077
258.594
307.689
351.454
405.384
430.952
457.287
486.460
496.697
512.450
552.592
574.841
588.644
607.557
636.811
669.192
691.565
694.570
719.192
741.024
750.674
770.691
800.272
808.619
821.021
840.688
888.336
921.357
939.631
955.713
963.486
985.696
1024.365
1045.641
1092.273
1109.837
1117.543
1126.418
1144.318
1147.916
1160.555
1188.375
1230.259
1305.995
1372.041
1405.535
1418.465
1424.742
1470.729
1478.020
1506.072
1527.656
1542.602
1570.119
1582.968
1603.420
1611.369
1624.558
1626.294
1652.952
1663.802
1678.726
1695.980
1722.890
1758.116
1776.703
1840.558
1856.229
1860.983
1891.693
1983.045
2006.005
2039.404
2047.614
2052.155
2063.164
2069.094
2087.873
2096.730
2118.282
2126.211
2216.064
2232.091
2278.736
2296.096
2298.951
2384.839
2410.378
2449.161
2496.555
2544.368
2611.931
2962.842
3004.642
3089.894
3093.881
3195.837
3311.097
3322.605
