169.344
269.032
280.950
295.894
300.671
301.058
302.150
302.731
303.010
303.541
303.860
304.157
304.336
304.486
304.773
305.022
305.153
305.264
305.463
305.577
305.680
305.793
305.881
305.936
306.007
306.111
306.202
306.252
306.400
306.454
306.542
306.657
306.785
306.901
306.987
307.109
307.169
307.226
307.388
307.696
307.810
307.963
308.104
308.238
308.307
308.503
308.557
308.712
308.765
308.844
308.929
309.029
309.110
309.220
309.289
309.376
309.464
309.535
309.634
309.810
309.925
310.029
310.113
310.193
310.402
310.712
310.954
311.148
311.427
312.002
312.095
312.305
312.754
312.989
313.127
313.269
313.791
314.282
315.234
316.419
317.209
317.432
317.840
318.640
319.684
322.749
324.017
326.079
332.751
349.066
365.416
367.811
368.705
369.640
370.976
375.739
376.287
377.009
378.368
379.386
