540.574
555.541
1008.847
1373.412
1380.207
1389.638
1413.752
1417.837
1425.476
1427.999
1429.675
1430.461
1431.636
1434.286
1437.321
1440.150
1443.937
1446.782
1448.103
1454.614
1457.849
1461.168
1462.529
1464.932
1466.950
1468.128
1470.686
1472.520
1474.357
1482.261
1491.117
1498.105
1499.289
1501.011
1503.842
1506.142
1507.499
1510.675
1515.403
1517.446
1519.296
1521.203
1525.669
1529.587
1536.853
1539.891
1550.820
1558.901
1565.167
1575.409
1588.053
1599.082
1606.250
1620.994
1635.124
1652.562
1659.953
1667.142
1671.119
1675.934
1681.535
1687.409
1694.441
1703.064
1708.792
1715.067
1719.586
1724.483
1728.789
1731.337
1734.055
1738.095
1745.490
1748.002
1750.730
1752.594
1755.813
1758.671
1760.895
1762.375
1765.484
1769.275
1774.605
1784.107
1795.862
1808.929
1818.098
1823.379
1832.047
1839.590
1842.875
1851.481
1866.795
1874.662
1885.047
1895.731
1902.598
1935.301
2017.712
2096.670
