68.618
251.655
286.774
298.878
299.689
300.328
301.852
303.153
304.388
305.152
305.851
306.225
306.366
306.438
306.501
306.697
306.894
307.073
307.174
307.288
307.417
307.553
307.650
307.713
307.854
308.039
308.256
308.550
308.863
309.131
309.468
310.554
310.967
311.170
311.317
311.916
312.891
314.371
314.726
315.743
316.820
318.180
318.646
319.192
319.402
319.683
319.919
320.350
321.025
321.937
323.010
323.778
324.339
325.325
326.463
327.522
328.480
330.742
333.010
335.122
337.932
339.083
340.316
341.380
342.717
345.114
346.855
347.573
348.251
349.450
351.777
352.541
353.133
354.104
355.468
357.820
358.833
360.186
362.547
366.815
370.882
371.703
371.895
374.290
375.768
376.824
377.554
379.237
380.582
384.162
386.845
387.739
389.086
390.686
410.966
415.995
417.280
422.818
425.410
439.382
