772.534
1284.897
1772.777
1924.444
1939.121
1974.269
1991.662
2000.827
2011.601
2019.292
2021.797
2029.940
2034.119
2046.842
2052.020
2066.103
2074.061
2079.200
2087.069
2092.972
2101.007
2108.183
2120.911
2140.279
2166.280
2176.951
2186.130
2191.513
2197.737
2202.568
2211.271
2218.863
2224.421
2231.819
2235.462
2241.265
2245.621
2250.362
2259.035
2266.577
2272.935
2278.422
2283.091
2288.468
2293.880
2299.858
2305.302
2311.271
2315.455
2321.721
2327.436
2334.111
2340.016
2348.208
2356.132
2364.482
2371.826
2377.156
2380.927
2386.238
2392.659
2398.896
2403.381
2412.081
2425.156
2434.005
2444.088
2456.530
2471.183
2483.930
2494.741
2504.913
2519.631
2531.924
2539.924
2550.635
2566.462
2575.334
2588.320
2599.522
2608.555
2634.243
2647.652
2659.651
2672.779
2683.694
2692.912
2707.591
2725.724
2747.288
2764.032
2783.679
2814.101
2852.799
2922.488
3014.807
3149.885
3416.130
4049.951
6875.120
