653.672
1115.037
1561.223
1711.499
1725.255
1766.044
1784.881
1810.996
1831.668
1845.251
1864.608
1879.142
1892.321
1896.623
1908.005
1912.316
1916.395
1922.646
1932.380
1938.841
1949.974
1961.606
1971.680
1981.444
1996.432
2006.634
2014.641
2019.002
2025.441
2032.189
2046.778
2061.926
2075.784
2091.168
2110.174
2133.729
2144.735
2163.687
2177.302
2195.207
2207.978
2218.912
2230.522
2236.875
2243.612
2250.964
2255.381
2263.495
2268.201
2273.130
2278.711
2283.742
2289.610
2292.081
2298.028
2302.354
2305.751
2309.613
2312.996
2317.985
2321.982
2326.977
2334.573
2340.914
2344.749
2350.209
2358.539
2366.522
2376.612
2385.430
2397.537
2415.802
2433.637
2454.579
2480.087
2521.729
2541.232
2563.164
2574.760
2589.862
2602.772
2612.188
2624.469
2637.628
2645.199
2655.810
2668.094
2679.572
2689.581
2710.210
2733.280
2766.319
2843.433
3019.395
3136.301
3327.054
3671.900
4078.168
5332.054
14849.417
