650.820
668.589
1139.615
1368.123
1380.887
1393.841
1400.959
1406.591
1413.898
1419.656
1423.090
1425.078
1428.879
1431.943
1432.664
1433.165
1433.838
1434.898
1436.079
1438.576
1441.186
1442.677
1445.894
1446.846
1447.386
1448.098
1450.510
1451.989
1453.191
1453.996
1454.978
1455.744
1457.529
1458.852
1459.490
1460.803
1463.138
1464.569
1466.233
1469.174
1473.506
1478.048
1483.837
1489.257
1491.353
1494.137
1507.992
1513.112
1518.159
1529.271
1539.397
1544.909
1548.190
1552.346
1562.477
1567.442
1574.746
1580.844
1588.387
1595.019
1600.230
1604.329
1609.553
1616.340
1625.420
1633.539
1644.608
1656.785
1695.627
1702.335
1714.460
1722.136
1724.306
1725.905
1729.249
1736.170
1740.734
1743.932
1745.847
1747.011
1751.505
1753.844
1757.391
1760.128
1763.626
1765.076
1767.594
1769.672
1773.343
1775.218
1778.269
1782.450
1789.409
1798.161
1806.350
1818.114
1848.616
1859.860
1897.689
1926.519
