11.789
16.746
20.284
25.434
29.867
32.861
37.121
39.711
42.193
44.585
46.903
48.619
50.643
53.163
55.468
57.419
60.218
64.184
66.991
68.870
69.886
71.038
72.923
74.702
78.285
82.932
85.432
87.585
92.110
94.646
97.051
98.281
100.750
101.212
102.077
102.487
103.199
104.058
105.253
105.841
107.198
108.046
109.307
109.670
111.309
112.490
114.116
115.259
116.440
117.700
119.105
120.360
123.765
127.433
130.761
132.728
133.644
135.332
135.963
138.341
141.949
147.310
150.455
156.853
157.072
161.351
170.797
174.643
177.206
183.809
186.610
201.260
202.228
208.757
209.999
215.964
216.360
217.484
219.062
222.198
227.303
241.209
244.690
253.439
254.352
257.784
258.673
259.091
264.920
265.586
268.692
280.245
281.595
295.194
307.689
311.342
313.180
313.531
313.775
315.140
