16.400
61.449
72.587
83.749
99.474
123.289
161.257
211.215
220.923
239.923
249.029
257.153
262.715
270.259
284.074
292.132
303.288
320.724
327.880
338.259
348.487
359.826
368.200
382.655
394.860
411.972
414.302
424.438
434.797
443.867
450.382
460.839
469.278
476.030
490.282
500.509
515.433
534.096
545.805
568.183
569.171
576.184
588.594
607.880
612.414
631.214
638.492
649.642
679.807
701.747
708.139
710.325
716.673
726.722
746.456
752.202
766.302
779.344
786.256
790.048
803.367
813.104
819.065
845.250
865.190
867.456
868.545
903.575
922.374
926.490
938.002
950.030
956.791
961.483
976.028
991.348
1000.499
1022.887
1029.633
1031.470
1034.373
1060.575
1070.674
1082.259
1086.795
1094.965
1122.835
1123.371
1147.557
1174.779
1301.093
1325.695
1340.954
1414.597
1442.585
1466.322
1618.328
1653.669
1670.244
1709.276
