336.474
402.523
421.215
433.266
442.437
449.196
455.208
457.778
462.983
467.101
469.602
471.443
472.856
478.380
479.425
480.242
481.172
483.035
487.313
489.862
491.999
492.986
494.106
495.713
498.413
500.225
501.900
502.969
503.523
504.084
504.830
505.968
506.526
507.383
508.261
509.008
511.109
512.678
513.745
514.680
515.632
516.281
517.059
518.636
519.493
520.447
521.540
522.176
524.611
527.060
528.371
529.725
531.065
532.381
533.291
535.013
539.513
541.486
543.210
544.726
547.007
550.101
553.765
554.738
555.579
556.373
558.566
563.293
564.957
566.177
570.048
575.936
577.053
579.356
586.140
587.562
589.157
590.889
595.393
598.976
601.098
603.846
610.913
613.607
623.538
635.483
643.094
660.528
673.470
691.929
707.796
725.947
754.268
771.013
795.990
834.275
855.299
880.986
931.953
996.243
