59.131
142.753
163.463
201.177
280.152
364.336
406.920
440.812
478.478
531.737
565.802
612.851
663.006
709.397
762.218
787.386
810.249
837.335
856.584
879.141
906.184
934.025
960.564
964.203
982.434
1002.108
1029.704
1040.559
1069.181
1095.361
1100.184
1119.394
1161.606
1189.529
1198.601
1221.161
1239.988
1246.288
1263.677
1276.328
1290.296
1311.559
1327.207
1338.971
1350.567
1364.141
1373.238
1408.712
1429.375
1455.661
1475.421
1478.158
1491.532
1503.546
1512.838
1515.368
1532.003
1555.170
1564.261
1574.223
1606.097
1626.686
1628.589
1636.526
1653.300
1682.321
1689.508
1716.304
1721.555
1745.755
1752.340
1780.392
1797.026
1805.011
1816.728
1844.747
1874.973
1881.493
1904.280
1950.876
2095.470
2144.420
2253.486
2290.624
2373.466
2409.620
2432.001
2461.524
2520.835
2531.402
2577.045
2599.655
2606.465
2667.306
2706.718
3123.819
3339.735
3377.579
3385.121
3432.221
