2613.697
5283.613
5357.679
5396.004
5418.809
5449.731
5467.093
5482.292
5495.526
5506.712
5519.526
5531.658
5545.091
5560.392
5572.764
5582.367
5591.287
5600.025
5608.830
5618.569
5629.170
5639.466
5648.807
5656.839
5663.714
5670.930
5677.528
5684.143
5690.962
5697.020
5705.165
5712.749
5719.050
5724.930
5730.926
5738.754
5744.978
5750.709
5756.671
5763.955
5770.270
5775.000
5781.891
5786.176
5791.369
5795.239
5798.449
5802.661
5806.543
5809.301
5813.493
5818.175
5820.774
5824.739
5829.199
5832.057
5835.157
5839.033
5842.385
5846.376
5849.381
5853.863
5857.821
5861.684
5865.912
5870.156
5874.240
5880.177
5885.043
5889.657
5893.394
5896.970
5902.928
5907.411
5914.192
5919.239
5925.866
5931.015
5938.354
5943.810
5952.858
5959.859
5968.037
5980.452
5992.259
6005.088
6016.000
6028.054
6047.652
6070.415
6097.487
6112.405
6135.610
6160.641
6184.320
6219.576
6246.354
6292.594
6348.724
6450.352
