1894.300
2622.709
2651.383
2679.751
2696.166
2713.479
2726.259
2734.525
2741.048
2749.084
2756.728
2761.241
2765.925
2771.410
2775.014
2780.008
2785.228
2789.189
2795.907
2798.909
2802.659
2807.151
2809.641
2812.649
2818.292
2823.058
2826.198
2831.069
2835.159
2838.696
2843.588
2847.433
2851.797
2857.223
2860.018
2865.761
2868.845
2871.728
2874.650
2878.916
2880.958
2883.769
2888.674
2892.280
2894.659
2897.582
2902.232
2905.410
2907.820
2909.523
2912.694
2915.934
2917.958
2919.611
2921.521
2926.810
2929.333
2931.302
2932.942
2936.249
2939.553
2941.274
2944.166
2947.248
2951.320
2954.523
2956.896
2960.378
2964.039
2966.594
2969.196
2972.794
2976.051
2978.280
2980.842
2985.515
2988.716
2995.278
3001.523
3007.281
3011.712
3016.473
3021.913
3027.637
3037.300
3051.351
3073.742
3092.435
3104.700
3123.584
3152.133
3170.696
3205.961
3241.666
3262.006
3281.167
3305.117
3317.479
3330.356
3376.505
