170.988
236.773
253.639
282.297
291.622
294.919
296.427
297.671
298.431
300.192
300.602
301.263
301.788
301.877
302.019
302.318
302.676
303.057
303.310
303.526
303.744
304.024
304.272
304.558
304.799
305.005
305.166
305.273
305.448
305.572
305.825
306.105
306.375
306.547
306.634
306.818
307.021
307.224
307.356
307.486
307.570
307.656
307.798
307.969
308.165
308.323
308.466
308.575
308.789
308.976
309.100
309.260
309.379
309.476
309.549
309.610
309.675
309.750
309.825
309.899
310.022
310.136
310.219
310.342
310.401
310.552
310.758
310.944
311.035
311.170
311.300
311.509
311.839
312.104
312.241
312.429
312.514
312.625
312.730
312.867
313.120
313.519
313.825
314.409
314.867
315.736
316.796
317.028
317.209
317.387
317.909
318.477
319.305
320.332
323.097
324.839
330.732
333.266
350.559
381.914
