264.703
408.083
419.493
437.467
444.225
451.101
453.556
455.268
456.606
458.448
462.418
465.017
466.616
467.906
468.413
469.301
471.841
474.218
476.214
478.116
479.310
479.815
480.845
482.676
484.434
485.481
489.236
491.145
492.002
493.903
495.798
499.901
502.288
503.430
505.263
507.282
510.249
512.143
513.819
515.206
516.355
517.656
519.904
521.456
522.723
524.376
527.013
528.350
529.437
530.048
531.390
533.076
535.558
537.202
539.193
540.152
541.679
543.692
545.133
546.635
548.376
550.421
551.941
554.107
555.709
557.462
560.681
563.696
565.272
567.000
567.926
569.323
574.478
575.982
577.432
589.125
594.687
600.604
608.932
615.546
622.864
628.637
636.212
641.788
650.434
658.053
669.230
682.739
704.396
717.640
729.664
735.358
745.613
758.864
768.354
777.887
792.000
811.131
821.609
934.455
