3493.435
5259.285
5343.368
5390.564
5417.668
5439.183
5454.467
5466.858
5479.993
5493.712
5506.433
5517.070
5529.255
5541.176
5550.211
5560.513
5570.070
5576.984
5586.566
5595.750
5604.394
5612.795
5619.669
5627.163
5633.818
5641.010
5649.068
5658.349
5662.697
5669.867
5676.472
5683.099
5691.658
5700.291
5706.234
5712.765
5717.817
5723.796
5728.561
5733.304
5739.666
5743.346
5750.826
5755.192
5761.727
5767.412
5774.296
5780.626
5785.303
5789.831
5794.763
5799.414
5804.239
5808.892
5812.948
5817.830
5823.165
5829.729
5835.640
5840.796
5845.568
5851.433
5855.656
5860.926
5864.997
5871.036
5874.625
5878.429
5882.691
5887.810
5892.196
5897.122
5902.107
5907.590
5913.582
5918.357
5924.125
5929.260
5934.959
5939.774
5944.949
5951.842
5958.071
5966.984
5980.014
5994.867
6009.605
6019.703
6031.275
6042.416
6054.354
6066.205
6085.403
6102.580
6129.186
6181.525
6285.967
6372.872
6463.085
6555.981
