16.966
42.013
70.723
83.168
94.200
105.306
123.899
145.237
154.185
165.778
179.131
185.238
190.331
197.639
205.552
210.936
222.796
237.067
248.624
260.412
271.686
289.152
297.161
322.580
341.202
353.234
367.789
385.088
393.724
401.791
411.500
414.292
431.033
446.926
456.151
467.407
476.562
481.929
483.660
488.695
491.792
502.366
517.982
529.230
536.503
556.022
561.193
573.396
580.277
603.764
605.895
611.349
616.289
621.180
624.575
634.041
640.916
644.530
649.390
662.003
671.606
690.219
700.179
704.308
714.174
734.991
772.084
831.478
888.583
935.122
959.935
1021.477
1068.990
1086.494
1097.257
1113.984
1126.034
1194.675
1196.260
1202.415
1280.705
1297.605
1302.706
1305.155
1315.901
1331.894
1341.387
1343.713
1362.449
1374.093
1395.165
1413.779
1523.100
1555.095
1603.156
1676.299
1777.473
1846.544
1883.778
1942.778
