1745.995
2623.205
2639.268
2661.374
2676.708
2688.573
2700.085
2709.019
2716.050
2724.957
2731.629
2737.940
2743.183
2747.961
2752.575
2757.163
2762.339
2765.968
2770.160
2773.135
2775.326
2777.792
2781.437
2783.786
2785.919
2788.966
2792.894
2796.181
2798.824
2802.583
2805.826
2808.523
2811.508
2815.188
2818.166
2822.703
2826.112
2830.441
2834.248
2836.808
2841.939
2845.718
2848.304
2851.125
2854.197
2857.681
2859.786
2862.204
2865.361
2867.858
2870.161
2872.622
2875.710
2879.252
2882.485
2885.583
2888.674
2892.794
2895.426
2898.450
2901.426
2903.749
2906.249
2908.752
2911.251
2914.276
2917.377
2920.021
2922.162
2924.700
2928.864
2931.385
2933.419
2937.868
2941.480
2944.226
2948.434
2952.557
2956.087
2958.964
2961.963
2965.445
2968.057
2972.238
2976.039
2981.030
2985.972
2992.460
2997.549
3004.637
3009.917
3019.495
3029.856
3036.569
3056.482
3085.967
3120.911
3155.294
3202.221
3257.769
