143.253
258.695
277.115
298.227
299.060
299.541
299.733
301.092
301.629
302.328
303.033
303.465
303.917
304.182
304.311
304.497
304.579
304.699
304.782
304.920
305.126
305.367
305.709
305.992
306.382
306.657
306.989
307.174
307.484
307.737
308.402
309.242
309.833
310.132
310.422
310.963
311.258
311.572
311.741
312.067
312.411
312.664
312.872
313.028
313.218
313.473
313.774
314.184
314.490
314.790
315.094
315.622
316.316
316.985
317.454
317.542
317.748
317.929
318.050
318.324
318.693
319.322
319.601
319.877
320.088
320.167
320.358
320.469
320.597
320.675
320.831
321.326
321.795
322.432
322.918
323.530
324.103
325.148
326.066
327.473
331.393
332.634
333.277
334.191
335.055
336.064
337.368
342.197
343.845
344.196
348.422
350.199
353.799
357.700
380.973
383.046
383.849
385.073
385.403
408.625
