8.018
12.230
13.880
15.402
16.567
17.803
18.682
20.060
21.352
22.346
24.425
26.543
29.730
31.292
32.929
36.798
40.152
44.510
53.832
59.376
61.443
62.248
63.487
66.414
69.050
70.402
71.178
72.442
73.747
75.709
77.925
79.468
81.615
83.433
84.659
87.074
91.455
93.386
95.215
98.262
101.324
105.925
108.648
116.459
117.582
120.090
121.644
124.704
125.886
126.852
128.608
132.152
135.100
138.729
141.189
143.710
146.219
150.064
152.357
153.320
155.162
156.137
157.502
159.234
161.487
166.747
170.280
171.517
185.667
193.394
196.204
198.928
205.188
205.418
207.843
210.787
218.087
243.196
243.937
244.302
244.735
245.733
251.705
253.128
257.505
257.913
259.142
262.208
270.405
271.744
305.390
308.995
310.816
311.137
311.858
312.962
342.400
349.906
358.905
361.408
