668.442
1183.917
1660.591
1851.209
1857.760
1867.119
1879.252
1886.708
1892.852
1901.542
1915.485
1932.040
1950.215
1961.227
1968.085
1977.080
1984.405
1988.108
1993.629
1998.336
2001.746
2011.743
2016.924
2018.718
2022.188
2028.077
2035.776
2039.454
2044.561
2050.608
2056.327
2061.894
2070.343
2076.528
2079.461
2094.870
2102.392
2111.947
2126.504
2144.490
2167.259
2176.742
2190.514
2207.541
2221.771
2234.367
2245.030
2252.893
2258.455
2265.658
2271.721
2278.371
2286.435
2291.360
2296.982
2302.365
2314.784
2323.147
2331.430
2346.352
2359.540
2372.036
2380.878
2396.448
2409.158
2423.683
2437.078
2448.384
2463.017
2491.211
2509.856
2555.545
2576.876
2597.135
2612.716
2623.362
2642.177
2660.941
2668.384
2680.690
2690.460
2698.528
2710.720
2727.534
2767.877
2796.662
2809.813
2832.967
2864.558
2922.235
2995.734
3037.164
3068.327
3105.014
3179.448
3288.533
3662.476
4135.649
5533.863
14936.229
