110.730
161.432
187.677
251.620
282.664
302.325
324.755
341.706
352.874
384.262
442.944
479.334
507.290
539.374
558.324
586.930
604.604
617.943
635.212
658.217
677.031
689.027
701.178
718.846
750.118
767.885
782.658
789.582
807.033
821.038
828.699
844.516
865.516
886.488
903.188
953.169
979.214
989.401
1005.523
1022.627
1038.301
1060.100
1078.311
1091.031
1097.644
1107.646
1116.778
1123.228
1128.197
1131.971
1160.259
1173.011
1189.611
1214.258
1226.788
1249.367
1271.111
1284.226
1302.552
1325.819
1356.928
1397.663
1407.965
1439.913
1450.780
1465.748
1491.505
1640.339
1781.659
1868.741
1921.184
1928.302
1943.665
2003.128
2143.350
2209.985
2296.666
2313.124
2502.174
2581.577
2625.111
2639.690
2641.693
2648.040
2774.891
2777.935
2855.893
2946.795
2986.120
3015.159
3017.630
3018.838
3035.173
3053.015
3084.204
3121.149
3129.555
3183.237
3225.051
3254.644
