520.644
531.972
917.234
1287.353
1323.715
1396.540
1406.022
1416.119
1423.772
1426.386
1432.779
1435.707
1438.397
1443.404
1448.188
1449.699
1453.280
1458.049
1462.068
1466.635
1471.225
1477.206
1481.886
1483.922
1486.804
1488.520
1491.582
1495.292
1503.280
1510.591
1516.611
1525.021
1531.244
1536.592
1540.291
1546.619
1550.130
1553.790
1558.405
1561.214
1565.375
1569.731
1575.162
1578.840
1581.733
1585.603
1587.279
1588.225
1589.409
1591.623
1596.112
1601.038
1608.991
1613.063
1618.031
1623.657
1630.461
1634.097
1635.437
1640.016
1643.508
1646.472
1650.870
1652.966
1657.749
1661.023
1665.195
1668.805
1672.099
1679.527
1685.002
1689.867
1697.820
1700.611
1707.490
1714.844
1719.019
1723.873
1740.015
1744.853
1756.412
1765.180
1768.201
1771.075
1774.469
1780.758
1785.808
1792.248
1803.153
1809.473
1811.996
1818.173
1833.342
1846.089
1860.746
1876.255
1916.311
1938.087
1965.297
1992.019
