652.995
705.539
1189.893
1382.585
1402.272
1411.116
1430.894
1438.042
1441.934
1445.552
1451.361
1456.982
1462.037
1464.260
1467.121
1471.466
1477.355
1478.668
1480.000
1485.601
1487.448
1491.800
1493.205
1495.878
1499.624
1505.628
1507.822
1511.464
1514.785
1519.638
1522.365
1523.608
1527.813
1529.785
1532.497
1534.984
1538.759
1542.523
1546.413
1549.119
1553.906
1558.517
1562.765
1568.483
1573.068
1574.440
1577.220
1584.200
1587.489
1594.761
1598.044
1602.909
1607.407
1611.503
1614.311
1620.562
1624.647
1629.810
1634.269
1636.529
1640.835
1644.944
1652.285
1656.226
1663.869
1673.451
1677.833
1686.364
1689.607
1693.302
1699.995
1705.711
1712.600
1716.355
1718.666
1722.374
1729.896
1734.159
1737.845
1743.422
1748.037
1752.685
1756.857
1762.434
1765.452
1770.752
1774.215
1780.495
1784.404
1790.101
1797.948
1806.280
1814.867
1825.852
1834.188
1852.362
1862.427
1893.572
1963.676
2021.899
