654.544
1124.841
1717.581
1913.126
1930.508
1954.321
1971.664
1989.664
1999.930
2012.737
2024.193
2036.644
2045.535
2063.245
2072.550
2090.477
2109.339
2114.353
2124.843
2135.748
2147.657
2160.433
2172.455
2177.912
2181.891
2186.558
2193.286
2198.414
2203.635
2207.372
2215.113
2224.066
2230.003
2234.492
2239.258
2245.286
2254.666
2261.136
2265.448
2270.216
2276.092
2281.275
2284.445
2288.631
2294.333
2298.392
2304.204
2308.421
2314.959
2319.915
2325.606
2330.033
2333.791
2337.882
2341.333
2346.540
2352.171
2360.580
2367.225
2374.362
2381.515
2391.111
2399.153
2409.250
2416.825
2423.148
2432.233
2439.632
2443.793
2449.131
2456.502
2471.048
2483.826
2503.724
2516.824
2530.459
2556.319
2575.000
2605.097
2627.564
2644.160
2666.793
2690.171
2714.272
2735.540
2759.741
2802.106
2837.462
2916.381
3021.101
3118.946
3171.086
3219.429
3293.952
3381.618
3667.681
3779.262
3973.451
5332.315
8380.664
