656.542
1114.405
1661.190
1900.593
1931.540
1954.541
1976.706
1994.010
2013.051
2025.904
2049.206
2057.356
2064.149
2070.273
2078.556
2082.297
2099.729
2115.975
2130.559
2144.518
2160.253
2183.473
2195.040
2202.884
2210.319
2215.901
2222.776
2231.076
2239.186
2245.703
2249.795
2255.577
2263.190
2268.229
2276.673
2281.639
2286.265
2292.688
2296.685
2302.065
2313.385
2320.954
2326.368
2332.096
2338.470
2342.625
2349.424
2356.796
2363.489
2369.491
2373.929
2379.767
2385.477
2391.756
2399.251
2407.669
2412.632
2416.960
2423.944
2433.868
2441.131
2447.855
2453.568
2460.074
2466.570
2472.523
2478.254
2486.296
2496.282
2508.207
2519.410
2531.032
2542.487
2552.715
2564.337
2579.623
2602.558
2619.890
2633.782
2652.994
2671.579
2683.801
2714.959
2740.166
2759.243
2781.731
2813.034
2835.274
2857.927
2873.485
2907.509
2945.812
3000.557
3069.144
3182.356
3330.180
3454.199
3894.674
5250.415
6799.365
