599.012
643.520
1155.934
1387.236
1392.867
1395.253
1399.557
1419.912
1429.500
1433.966
1435.159
1436.401
1438.223
1440.166
1445.183
1458.912
1465.427
1467.328
1470.229
1472.750
1474.420
1475.394
1476.298
1478.303
1481.045
1482.849
1490.997
1493.636
1496.040
1502.060
1504.431
1506.713
1510.265
1519.190
1523.639
1527.821
1532.616
1535.619
1537.687
1538.918
1541.416
1550.393
1557.154
1562.680
1570.307
1574.339
1578.964
1583.042
1589.040
1595.289
1599.946
1603.037
1606.529
1617.395
1623.452
1627.744
1640.577
1650.656
1663.334
1673.427
1676.974
1683.530
1690.144
1692.093
1694.505
1696.779
1702.167
1715.924
1718.292
1722.077
1728.484
1733.356
1737.157
1743.943
1753.131
1761.308
1769.983
1777.353
1781.542
1787.124
1798.103
1806.508
1813.573
1819.394
1829.173
1837.109
1842.594
1849.601
1857.890
1873.684
1879.848
1891.169
1899.593
1904.608
1917.475
1931.671
1949.754
1976.948
2022.426
2098.749
