54.099
102.211
144.449
158.299
172.687
187.481
193.369
202.680
213.100
223.500
237.718
261.802
274.268
283.321
294.604
302.324
311.496
318.554
337.111
345.322
353.244
377.685
386.687
394.530
400.215
409.477
412.261
432.427
442.976
464.522
475.321
493.042
504.155
517.558
522.838
537.198
544.280
551.164
564.171
575.773
585.151
596.280
629.890
636.943
643.249
652.793
655.238
666.387
670.086
676.404
689.106
696.663
698.992
713.635
722.790
731.798
748.244
767.695
776.948
785.509
795.310
812.282
821.031
827.987
840.811
844.223
863.741
898.174
913.462
918.615
936.242
951.459
959.138
965.084
973.520
974.665
976.942
978.654
988.002
1026.389
1067.440
1125.424
1154.338
1186.035
1188.825
1214.949
1216.133
1240.835
1258.060
1282.816
1300.953
1314.795
1325.051
1334.490
1363.394
1406.884
1417.637
1418.396
1423.827
1473.567
