1397.639
2600.352
2630.168
2652.162
2670.237
2685.742
2697.510
2708.877
2718.191
2723.300
2732.123
2737.381
2744.456
2749.936
2755.545
2759.371
2764.634
2768.883
2775.076
2780.727
2785.255
2790.810
2794.218
2798.805
2803.392
2805.959
2809.904
2814.990
2817.374
2819.705
2824.842
2827.410
2829.852
2831.851
2833.963
2837.941
2839.577
2841.029
2842.423
2844.521
2847.757
2850.324
2852.063
2854.049
2855.949
2857.826
2860.778
2863.732
2865.535
2867.220
2868.893
2873.566
2875.604
2877.871
2880.117
2884.694
2887.970
2891.280
2896.895
2900.813
2903.391
2910.086
2913.085
2916.741
2921.411
2923.786
2926.402
2929.075
2933.283
2937.668
2940.975
2945.400
2950.026
2952.608
2955.886
2961.902
2965.054
2971.310
2975.516
2983.237
2988.640
2996.001
3003.332
3007.508
3015.678
3023.619
3030.193
3034.796
3041.939
3048.460
3062.615
3071.308
3081.205
3102.958
3128.047
3148.929
3164.323
3185.729
3217.300
3303.104
