2926.045
5384.009
5432.269
5463.852
5484.996
5503.945
5519.386
5533.005
5544.508
5553.419
5562.942
5570.415
5581.460
5590.541
5599.113
5605.595
5614.695
5624.464
5634.049
5641.558
5653.388
5662.803
5671.410
5680.800
5688.134
5695.142
5700.579
5707.108
5712.306
5719.058
5724.616
5731.779
5738.314
5744.234
5750.295
5756.538
5765.085
5771.714
5779.335
5786.845
5791.871
5797.842
5804.430
5810.670
5815.917
5821.436
5826.418
5831.020
5836.904
5841.813
5847.595
5852.772
5857.790
5862.768
5867.792
5873.225
5878.103
5885.357
5890.588
5897.274
5903.577
5911.725
5918.406
5924.981
5931.118
5937.265
5942.083
5948.584
5954.847
5962.584
5968.123
5975.155
5983.492
5989.689
5995.319
6000.265
6005.051
6009.959
6014.703
6021.139
6028.220
6035.429
6043.914
6052.927
6060.155
6069.870
6078.003
6086.543
6095.728
6108.796
6120.118
6142.559
6154.417
6166.467
6190.930
6217.049
6243.646
6352.298
6433.867
6543.463
