732.469
1228.085
1716.518
1862.486
1880.628
1893.293
1895.732
1898.163
1900.886
1906.448
1911.932
1915.537
1919.109
1923.858
1927.921
1930.038
1934.120
1936.524
1939.738
1942.939
1947.099
1952.465
1956.904
1966.010
1973.303
1978.194
1983.077
1998.833
2016.258
2033.511
2052.802
2081.206
2188.148
2237.862
2251.629
2261.144
2265.911
2270.829
2276.663
2281.799
2287.619
2290.884
2293.854
2296.918
2299.938
2302.549
2305.485
2307.378
2309.222
2311.594
2313.771
2316.974
2320.661
2323.745
2329.393
2333.371
2337.607
2342.099
2344.620
2347.619
2350.541
2352.845
2355.630
2361.695
2367.592
2378.528
2391.298
2418.892
2429.128
2447.294
2507.007
2553.897
2588.110
2611.649
2626.642
2640.761
2650.604
2659.233
2670.695
2681.744
2685.775
2693.543
2698.819
2704.717
2713.613
2718.171
2722.207
2728.676
2734.298
2739.674
2748.449
2758.869
2766.640
2777.144
2808.680
2883.564
3171.186
3309.693
3756.981
5301.541
