33.078
78.547
165.893
187.701
201.750
218.503
241.739
255.191
271.516
290.751
307.645
320.343
333.491
350.045
377.473
433.364
470.347
490.401
512.897
546.988
570.354
594.277
614.023
622.827
645.558
665.108
696.023
710.627
722.053
733.794
748.256
760.955
775.709
784.127
789.246
799.684
812.176
836.957
846.843
867.799
885.998
903.499
912.844
932.306
959.263
998.738
1019.184
1044.289
1069.505
1112.191
1232.836
1241.317
1279.989
1316.622
1334.413
1351.966
1371.208
1457.276
1496.831
1545.013
1610.757
1631.223
1689.332
1753.711
1771.982
1800.928
1839.735
1846.935
1881.906
1910.541
1947.251
2019.850
2027.311
2052.691
2084.387
2228.115
2248.418
2274.845
2322.604
2384.585
2430.258
2436.936
2510.983
2530.337
2589.746
2723.598
2885.078
2947.541
3006.335
3045.591
3049.379
3132.574
3153.946
3201.635
3207.702
3213.829
3267.209
3359.529
3372.850
3402.969
