117.915
266.109
273.744
294.893
297.379
297.916
298.281
299.115
299.449
300.467
300.724
300.868
301.011
301.251
301.487
301.678
301.889
302.099
302.306
302.403
302.569
302.659
302.790
302.868
302.917
303.026
303.094
303.153
303.198
303.295
303.372
303.420
303.493
303.588
303.628
303.659
303.728
303.778
303.840
303.897
303.960
304.057
304.103
304.186
304.259
304.294
304.383
304.448
304.495
304.562
304.611
304.666
304.743
304.815
304.884
304.942
305.020
305.126
305.288
305.538
305.785
306.082
306.186
306.383
306.551
306.742
306.849
306.963
307.156
307.414
307.713
308.250
308.682
309.216
310.434
311.138
311.750
313.243
313.674
314.546
315.618
317.283
319.459
321.514
322.141
322.381
323.010
323.298
323.744
325.775
326.669
330.770
334.420
345.008
350.531
356.831
365.818
368.398
370.534
402.593
