124.022
216.823
252.477
271.301
277.974
283.661
290.820
296.730
298.567
299.237
299.837
300.117
300.353
300.753
301.367
301.637
301.861
302.163
302.519
302.811
303.088
303.253
303.374
303.485
303.579
303.660
304.103
304.452
304.750
304.932
305.287
305.457
305.651
306.047
306.806
307.154
307.704
308.215
309.661
310.002
310.209
311.396
312.596
312.925
313.077
313.255
313.478
313.876
314.797
315.902
316.851
317.225
317.834
318.346
319.576
320.672
321.952
323.575
324.428
325.642
326.984
328.606
329.331
329.545
329.990
330.744
331.363
332.214
332.987
333.332
335.446
336.110
336.726
337.628
338.535
343.459
347.324
351.225
355.769
357.469
361.224
361.651
362.716
363.676
365.684
366.249
366.764
369.473
373.472
374.270
375.257
376.251
377.526
383.640
403.857
414.405
422.199
435.631
440.086
445.110
