319.984
445.149
448.262
453.476
455.670
457.796
458.963
462.489
466.064
469.132
472.076
473.609
476.120
478.584
479.645
480.499
481.936
484.999
486.459
490.823
494.164
495.139
496.457
499.805
502.024
505.173
506.748
507.981
511.087
513.788
516.816
519.695
521.212
523.360
527.127
528.878
529.683
531.401
533.923
536.762
537.537
538.958
540.253
541.924
545.161
550.987
552.747
553.965
555.840
557.925
559.444
560.548
561.611
564.180
566.822
567.802
570.201
575.125
578.193
585.665
589.310
597.275
598.634
602.697
606.929
609.497
613.179
618.414
620.327
620.959
621.476
622.277
625.172
629.200
630.519
631.540
635.045
639.836
645.644
649.156
654.811
659.271
663.994
669.753
673.427
685.515
692.126
697.483
703.732
710.614
716.034
729.573
739.650
757.299
767.488
779.482
795.783
828.606
860.269
950.512
