549.421
565.026
1003.188
1338.566
1366.094
1373.443
1378.638
1381.827
1388.082
1392.047
1394.264
1398.167
1400.576
1403.667
1405.001
1411.727
1413.261
1418.378
1422.078
1424.952
1427.487
1428.845
1432.125
1434.652
1436.109
1436.827
1437.611
1438.605
1439.631
1440.192
1441.429
1443.000
1443.739
1445.304
1447.234
1450.423
1453.969
1463.255
1468.527
1470.978
1472.793
1475.113
1477.003
1477.774
1479.164
1482.332
1484.765
1488.156
1491.343
1496.124
1502.869
1506.228
1508.168
1512.126
1514.614
1518.487
1522.209
1527.569
1533.612
1543.119
1555.163
1566.796
1585.855
1642.563
1664.548
1682.985
1699.082
1707.756
1716.738
1721.938
1726.215
1732.773
1736.445
1741.065
1744.891
1752.259
1754.965
1759.549
1762.516
1766.505
1769.358
1770.859
1772.940
1775.057
1778.274
1781.617
1783.759
1787.371
1790.249
1803.563
1805.734
1808.584
1815.365
1819.633
1824.241
1825.985
1838.984
1854.307
1858.751
1869.764
