12.235
26.507
31.417
35.895
39.249
45.040
48.031
53.024
58.536
61.172
65.697
67.961
69.742
72.002
75.427
78.739
80.725
82.772
84.913
86.214
88.873
91.222
93.908
95.991
97.791
101.399
103.799
107.356
108.448
111.186
113.211
116.450
118.678
122.463
125.079
126.407
128.356
130.306
132.060
133.154
134.348
135.409
136.634
137.194
137.521
139.035
141.120
142.397
143.035
143.719
144.920
147.317
150.793
153.770
154.639
156.571
157.268
158.131
159.219
160.187
160.593
161.556
162.337
162.984
163.319
163.584
164.809
168.055
169.013
169.837
170.777
171.347
172.581
176.369
178.020
181.970
183.005
185.188
188.663
192.285
193.182
193.908
197.872
198.548
199.769
205.427
213.006
223.484
232.648
236.785
250.753
253.982
254.375
255.863
257.739
258.645
265.939
301.250
308.144
319.917
