58.013
108.498
128.417
146.649
161.115
205.338
220.195
226.839
239.851
254.947
262.531
269.592
282.261
300.844
312.978
327.612
347.135
360.766
377.896
390.155
402.778
421.887
445.846
468.843
481.008
489.799
503.693
516.059
517.837
528.048
536.162
542.701
559.742
572.020
584.589
591.316
598.672
602.423
606.412
613.920
620.656
627.425
644.326
648.173
654.110
654.828
658.277
669.311
674.149
678.689
693.910
699.374
705.294
707.820
716.208
724.843
729.038
731.923
734.331
740.710
754.599
759.947
767.026
770.287
774.476
780.561
788.046
814.624
829.009
860.930
877.218
914.081
932.746
966.612
1021.150
1022.449
1041.345
1046.412
1068.796
1082.010
1083.165
1085.011
1118.073
1121.907
1125.017
1155.657
1177.295
1178.915
1198.295
1213.818
1237.436
1258.760
1288.226
1309.874
1338.325
1372.090
1655.864
1684.405
1707.984
1740.223
