543.309
556.085
973.501
1370.432
1392.876
1401.219
1404.920
1406.915
1410.862
1413.097
1414.046
1417.016
1418.747
1423.488
1427.948
1430.501
1435.174
1437.432
1439.428
1445.396
1448.941
1454.895
1457.656
1461.330
1464.197
1466.349
1467.936
1470.007
1471.812
1474.621
1478.375
1480.491
1482.885
1485.086
1489.693
1496.221
1497.924
1499.737
1503.073
1505.657
1509.322
1513.714
1514.834
1520.463
1529.804
1531.938
1536.026
1550.013
1554.488
1561.568
1571.743
1576.219
1585.613
1591.637
1595.536
1606.491
1609.037
1614.787
1619.904
1624.455
1638.588
1661.340
1703.910
1718.257
1739.999
1750.711
1760.073
1772.983
1777.837
1784.837
1788.090
1793.882
1799.644
1803.618
1808.061
1810.827
1816.806
1821.698
1824.930
1828.620
1833.375
1840.726
1844.455
1847.145
1850.284
1852.733
1859.604
1870.047
1878.990
1893.731
1896.847
1903.018
1912.028
1924.688
1932.949
1938.129
1947.364
1960.657
1979.439
1995.884
