634.194
646.712
1124.766
1363.239
1373.996
1380.660
1386.666
1395.196
1398.259
1403.643
1405.998
1407.405
1410.773
1412.188
1417.566
1419.732
1421.684
1424.275
1425.718
1427.154
1428.190
1431.709
1435.083
1436.668
1437.328
1437.857
1439.364
1441.323
1443.186
1447.287
1448.563
1449.764
1451.443
1453.621
1456.283
1457.956
1462.195
1463.248
1464.580
1466.466
1468.152
1469.356
1470.771
1472.775
1476.842
1481.365
1484.587
1488.886
1491.941
1498.870
1507.380
1510.628
1518.425
1522.685
1525.205
1530.598
1537.825
1543.332
1549.665
1553.520
1566.138
1571.841
1581.183
1624.083
1643.381
1663.602
1686.128
1695.403
1709.090
1722.976
1731.509
1735.989
1740.086
1744.468
1749.768
1754.912
1759.670
1762.743
1766.694
1770.105
1773.592
1776.400
1781.090
1785.408
1791.277
1794.519
1798.461
1802.291
1807.096
1810.221
1812.602
1815.069
1824.903
1826.790
1833.863
1837.392
1848.003
1858.113
1874.776
1908.483
