3936.882
5287.101
5316.703
5344.914
5364.921
5380.961
5391.450
5402.131
5419.158
5432.428
5446.057
5461.976
5478.199
5493.775
5503.735
5518.587
5530.884
5539.037
5544.508
5552.879
5560.680
5567.967
5576.677
5585.897
5593.016
5602.545
5611.947
5621.462
5629.537
5637.553
5646.672
5652.736
5660.668
5668.212
5674.387
5681.423
5687.287
5694.517
5700.197
5706.211
5713.329
5722.945
5730.993
5737.047
5744.259
5750.828
5759.484
5766.373
5772.434
5778.507
5782.812
5788.608
5792.632
5797.521
5801.817
5806.484
5810.982
5815.640
5820.337
5825.964
5831.253
5835.935
5841.108
5845.914
5849.995
5855.827
5859.661
5864.528
5870.717
5874.920
5882.033
5887.988
5895.075
5900.947
5907.490
5914.601
5922.930
5931.882
5941.923
5953.434
5966.401
5980.746
5993.266
6004.644
6023.873
6042.705
6065.489
6091.861
6119.400
6151.789
6171.838
6192.536
6207.066
6218.416
6232.660
6254.384
6295.590
6326.497
6419.155
6590.197
