1993.178
2602.277
2628.763
2647.371
2662.727
2683.721
2697.481
2707.506
2718.702
2726.027
2732.457
2736.853
2742.321
2744.972
2750.093
2753.184
2755.906
2761.099
2765.501
2769.817
2773.658
2777.339
2780.820
2783.763
2787.515
2791.683
2793.876
2796.537
2799.081
2802.307
2804.650
2807.539
2810.523
2813.326
2815.877
2818.418
2820.275
2822.483
2825.170
2827.377
2829.402
2831.542
2834.483
2838.799
2841.447
2844.178
2847.405
2851.330
2854.207
2857.344
2860.647
2864.175
2866.487
2869.491
2874.207
2877.693
2881.020
2885.236
2888.454
2889.980
2891.744
2894.160
2898.010
2900.388
2902.069
2905.202
2909.091
2911.528
2913.127
2915.686
2917.683
2921.121
2923.717
2925.471
2927.308
2929.544
2933.371
2936.249
2939.226
2941.923
2945.594
2948.844
2951.580
2954.993
2959.126
2963.707
2968.240
2973.195
2979.575
2986.921
2994.327
3004.111
3025.152
3051.978
3073.995
3098.698
3127.293
3152.640
3177.698
3215.592
