745.034
1285.332
1751.696
1866.552
1884.483
1899.362
1917.008
1931.204
1946.868
1965.143
1974.532
1990.272
1999.457
2010.836
2022.344
2037.166
2048.560
2057.786
2069.014
2083.296
2094.069
2102.972
2109.985
2120.370
2128.307
2134.050
2143.760
2150.052
2156.928
2164.006
2170.792
2178.801
2185.138
2191.123
2198.191
2206.401
2217.978
2231.190
2241.584
2252.441
2257.354
2266.625
2272.212
2278.308
2282.856
2289.367
2296.321
2303.856
2316.027
2326.770
2335.813
2342.359
2350.521
2365.606
2376.723
2393.901
2408.871
2418.431
2433.085
2442.154
2449.051
2459.369
2469.481
2485.177
2498.506
2508.958
2522.422
2543.824
2558.368
2566.855
2578.270
2594.767
2613.580
2624.038
2636.802
2648.667
2656.877
2666.599
2674.601
2684.689
2699.175
2713.005
2729.516
2744.737
2771.402
2810.440
2836.412
2857.903
2909.082
2942.354
2973.295
3012.677
3061.872
3114.362
3206.643
3475.013
3820.048
5284.188
8681.111
15109.110
