179.510
270.936
298.008
300.052
301.707
302.686
303.179
303.568
303.996
304.307
305.008
305.233
305.394
305.497
305.587
305.644
305.828
305.968
306.140
306.340
306.584
306.813
307.243
307.572
307.704
307.874
308.035
308.178
308.432
308.599
308.739
308.899
308.949
309.011
309.158
309.332
309.448
309.560
309.656
309.717
309.818
309.873
309.915
309.959
310.011
310.065
310.112
310.166
310.213
310.277
310.299
310.353
310.388
310.446
310.510
310.584
310.625
310.704
310.829
310.893
310.943
310.998
311.138
311.235
311.344
311.410
311.578
311.800
311.909
312.240
312.383
312.523
312.666
312.836
313.210
313.543
313.787
314.123
314.390
314.668
315.586
316.309
316.731
317.270
318.018
319.097
320.301
321.538
323.415
323.910
324.733
327.142
331.021
337.292
342.865
351.780
352.909
354.623
357.899
360.880
