657.717
1124.366
1598.929
1856.271
1869.342
1882.325
1893.500
1900.205
1907.522
1910.477
1914.089
1920.945
1924.787
1934.660
1944.287
1957.181
1968.251
1977.660
1992.066
2002.571
2007.371
2017.756
2031.102
2043.213
2056.046
2067.602
2079.170
2088.939
2102.296
2118.899
2133.035
2147.688
2164.548
2173.399
2180.957
2186.835
2194.300
2198.846
2203.660
2210.350
2213.629
2220.169
2231.739
2242.479
2248.322
2254.710
2258.750
2263.250
2267.979
2273.200
2276.657
2279.036
2283.731
2288.628
2292.361
2297.659
2300.649
2303.882
2307.647
2311.174
2314.348
2317.576
2320.148
2325.184
2328.914
2334.143
2338.678
2342.369
2347.996
2352.608
2359.585
2367.083
2377.028
2387.384
2397.475
2412.705
2419.912
2439.289
2462.798
2493.070
2539.621
2562.722
2588.274
2603.410
2631.852
2650.350
2660.898
2676.537
2689.907
2703.997
2715.742
2738.695
2761.480
2798.620
2873.507
3114.225
3287.293
3763.273
5049.372
8549.043
