28.119
57.247
103.431
289.016
408.814
460.896
494.724
521.023
554.713
590.170
616.667
636.489
647.114
653.730
668.987
688.669
708.192
738.520
769.822
814.417
869.964
916.198
929.868
971.179
985.965
1000.231
1036.485
1061.039
1084.792
1117.209
1141.578
1174.822
1180.626
1198.941
1207.310
1210.528
1219.892
1247.299
1258.891
1274.869
1298.242
1316.335
1341.816
1364.228
1369.024
1398.605
1405.536
1413.903
1419.066
1423.213
1441.176
1447.582
1458.602
1473.513
1494.010
1503.050
1515.338
1527.542
1535.453
1583.283
1588.073
1621.069
1639.405
1648.163
1652.291
1663.859
1709.797
1750.635
1814.585
1829.607
1878.454
1908.361
1916.155
1935.727
1982.913
2024.679
2035.420
2086.816
2102.969
2125.140
2142.161
2150.586
2212.510
2261.955
2309.175
2322.485
2348.859
2370.632
2389.432
2408.225
2409.000
2441.023
2461.443
2506.681
2509.429
2594.537
2623.757
2789.023
2886.035
2913.503
