14.542
19.351
24.641
28.178
31.650
35.088
39.151
43.693
47.619
50.285
53.322
55.578
56.937
58.653
60.804
63.099
64.862
67.798
69.276
71.330
73.631
74.970
76.583
78.168
79.563
81.004
83.671
86.446
88.481
91.525
95.666
97.556
101.058
103.165
107.354
112.184
116.447
118.700
121.004
122.514
128.439
131.387
134.098
134.714
135.967
137.627
139.085
140.140
144.053
145.297
146.609
147.415
148.779
150.256
150.653
150.922
151.127
151.551
153.462
154.222
154.854
155.693
156.006
157.810
159.692
160.298
160.961
161.977
163.885
170.180
173.071
175.297
177.847
193.715
198.507
198.761
199.028
202.921
203.405
204.360
208.495
209.012
209.458
213.893
214.384
215.424
215.948
223.835
229.245
235.705
237.771
240.466
243.417
244.838
245.628
250.090
252.292
252.772
253.820
257.789
