386.781
448.446
454.715
458.473
462.007
467.421
470.649
473.344
480.496
482.124
483.485
485.744
489.220
490.605
492.410
493.943
496.487
498.146
499.219
500.445
501.430
502.374
502.890
503.514
503.774
504.377
505.495
506.237
506.983
508.994
510.611
512.214
513.420
514.619
515.440
516.248
517.002
518.123
518.924
519.277
519.983
520.892
522.163
524.449
526.227
527.664
528.458
529.143
530.089
530.676
532.534
536.550
537.869
539.073
540.073
541.014
542.245
545.173
550.434
551.315
552.379
556.029
558.842
560.594
563.754
565.113
567.694
571.047
574.382
576.196
583.056
587.206
589.825
592.998
599.038
601.546
603.937
610.487
612.128
616.871
622.328
625.050
633.720
639.231
643.875
652.513
658.139
664.044
674.994
682.928
695.605
708.978
726.138
738.195
755.891
792.087
808.231
844.662
865.767
899.488
