89.518
191.529
242.234
272.339
284.528
286.691
293.005
295.052
296.406
297.240
297.711
298.395
299.521
299.857
300.002
300.243
300.499
300.756
301.084
301.667
302.161
302.307
302.488
302.711
303.281
303.614
303.887
304.347
304.566
304.932
305.279
305.561
305.813
305.992
306.130
306.312
306.462
306.684
306.910
307.124
307.298
307.466
307.568
307.708
307.977
308.254
308.721
309.092
309.507
309.838
310.399
311.210
312.285
312.888
313.145
313.439
314.373
315.353
316.281
319.108
320.627
321.866
322.069
322.378
323.366
323.979
324.651
325.448
326.932
328.060
329.552
331.314
332.868
333.909
337.187
338.926
339.796
340.512
341.491
342.653
345.253
346.739
348.010
350.559
352.399
354.158
355.763
357.252
361.934
362.550
363.462
364.029
364.655
373.848
377.122
378.313
379.429
381.319
383.613
399.384
