670.082
1128.729
1595.313
1888.469
1903.445
1927.382
1941.040
1957.870
1967.089
1976.161
1990.050
1994.747
2011.168
2023.413
2034.577
2040.604
2051.239
2060.374
2075.959
2084.109
2094.688
2104.689
2111.377
2126.745
2136.189
2151.939
2163.170
2178.073
2187.346
2193.523
2203.304
2210.817
2214.938
2221.942
2232.083
2240.199
2245.484
2249.591
2254.414
2258.776
2264.306
2270.199
2274.733
2277.882
2282.164
2286.499
2291.280
2295.173
2298.153
2301.817
2307.530
2312.801
2316.772
2321.909
2327.672
2331.650
2336.647
2341.650
2345.470
2352.297
2359.414
2366.584
2371.124
2376.218
2381.620
2389.002
2395.202
2402.713
2409.428
2418.681
2426.699
2432.076
2443.103
2452.310
2462.373
2479.220
2490.418
2501.213
2522.081
2532.934
2545.987
2566.220
2584.359
2597.359
2633.872
2652.349
2669.345
2698.012
2730.396
2757.648
2794.008
2836.117
2887.580
2974.454
3057.710
3189.615
3289.829
3492.879
3853.964
5280.668
