500.759
511.446
903.870
1275.045
1334.095
1383.018
1389.438
1393.735
1399.011
1404.016
1407.691
1416.237
1426.744
1431.714
1434.451
1439.501
1442.424
1444.539
1446.789
1448.827
1451.753
1456.502
1459.232
1461.477
1465.736
1472.071
1478.386
1486.342
1489.038
1494.079
1496.463
1498.193
1501.613
1504.229
1509.079
1512.142
1514.650
1522.708
1530.011
1533.850
1536.538
1540.113
1542.761
1543.900
1546.338
1550.084
1552.007
1553.608
1555.465
1556.789
1558.289
1563.198
1567.041
1568.782
1573.856
1577.194
1580.997
1583.531
1585.975
1594.333
1597.733
1599.621
1600.819
1601.946
1603.170
1604.436
1612.144
1616.938
1626.495
1638.182
1647.469
1655.035
1660.130
1663.193
1669.557
1675.120
1683.150
1686.972
1690.354
1697.981
1700.909
1707.482
1712.370
1714.822
1720.642
1727.174
1739.463
1750.605
1755.623
1762.442
1766.664
1771.861
1775.465
1778.953
1783.353
1790.564
1802.865
1809.473
1824.571
1870.833
