157.934
265.088
279.253
290.768
296.690
299.267
300.327
300.602
300.952
301.758
304.759
305.130
305.542
305.708
305.852
305.981
306.127
306.208
306.392
306.618
307.017
307.358
307.732
308.152
308.324
308.507
308.667
308.751
308.857
309.102
309.471
309.816
310.004
310.209
310.388
310.502
310.645
310.762
310.812
310.977
311.084
311.155
311.256
311.316
311.448
311.535
311.611
311.746
311.934
312.105
312.297
312.445
312.519
312.666
312.874
313.143
313.290
313.637
313.811
314.019
314.305
314.739
315.415
316.063
316.554
316.824
317.440
318.801
320.215
320.708
321.114
321.388
321.838
322.160
322.352
322.522
322.776
323.465
324.245
324.915
325.775
326.431
327.080
327.517
329.294
331.907
335.286
339.445
350.227
351.274
351.523
351.978
353.584
361.883
370.921
371.840
373.018
376.410
382.454
407.468
