665.676
1128.335
1607.369
1858.214
1877.426
1887.385
1906.528
1918.136
1931.041
1948.457
1961.081
1973.195
1984.562
1992.868
1998.701
2005.959
2014.685
2023.268
2033.505
2039.198
2049.247
2057.053
2068.497
2076.277
2087.026
2095.344
2104.845
2120.373
2135.605
2145.113
2152.476
2156.382
2161.956
2168.106
2174.158
2182.911
2191.991
2196.823
2201.402
2207.693
2216.393
2224.562
2233.092
2243.874
2253.560
2258.221
2267.010
2273.636
2277.222
2284.688
2294.072
2300.242
2305.250
2311.847
2319.264
2327.667
2332.946
2338.228
2343.425
2354.410
2366.836
2373.400
2378.459
2383.460
2388.254
2400.435
2416.823
2431.224
2441.498
2451.945
2456.993
2464.659
2480.801
2492.542
2506.035
2519.483
2534.569
2546.094
2558.459
2568.536
2576.942
2585.874
2599.068
2616.371
2632.468
2642.897
2661.601
2670.158
2691.019
2707.757
2721.032
2740.583
2756.863
2795.433
2849.149
2902.917
3003.432
3082.401
3774.616
5328.941
