116.713
224.840
266.683
285.806
297.513
298.503
299.141
299.782
300.721
301.287
301.962
302.422
303.280
304.412
305.407
306.914
307.505
307.657
307.839
307.938
308.111
308.222
308.371
308.567
308.736
309.038
309.343
309.556
309.757
309.925
310.246
310.485
310.663
310.822
310.980
311.061
311.206
311.327
311.406
311.492
311.644
311.768
312.006
312.293
312.853
313.441
314.245
314.788
315.312
315.599
315.919
316.243
316.638
316.946
317.326
317.814
318.380
319.256
319.795
320.478
320.978
321.594
321.857
322.185
322.729
323.941
324.945
325.800
326.888
329.206
330.995
331.876
333.080
333.350
333.576
333.713
333.980
336.202
338.083
340.070
340.848
341.134
342.576
346.720
347.643
348.479
349.330
353.879
355.693
357.126
358.066
358.662
359.742
369.552
378.788
386.892
387.656
388.576
389.705
406.323
