24.722
91.674
106.618
136.479
219.592
234.163
300.757
331.718
365.424
393.673
423.355
444.684
486.344
495.293
508.927
538.890
558.606
589.052
614.012
657.523
686.507
712.266
722.557
740.328
757.549
773.978
789.596
806.042
853.941
863.630
872.836
879.275
891.521
907.416
918.784
928.937
938.368
956.843
969.254
973.768
983.309
1002.781
1042.958
1054.226
1096.208
1117.543
1128.655
1140.307
1149.738
1169.911
1200.486
1233.790
1246.096
1277.768
1294.188
1333.413
1337.541
1372.178
1463.097
1476.757
1501.974
1537.752
1547.941
1571.343
1668.815
1678.198
1909.924
1928.149
1950.424
1978.676
2034.262
2041.182
2047.951
2051.653
2054.580
2069.636
2086.833
2104.072
2157.468
2202.402
2225.511
2467.002
2486.425
2488.814
2504.562
2515.624
2565.282
2765.455
2812.799
2836.674
2917.194
3014.048
3147.647
3305.945
3311.598
3326.376
3341.428
3365.392
3387.520
3483.097
