2979.440
5252.935
5308.239
5371.358
5402.807
5420.408
5432.515
5444.044
5456.386
5471.213
5486.448
5499.454
5513.421
5522.195
5533.277
5542.354
5551.144
5559.620
5566.865
5574.886
5584.185
5592.541
5601.349
5610.773
5621.575
5632.155
5641.549
5650.540
5658.137
5666.199
5674.531
5681.147
5687.578
5693.169
5698.735
5704.455
5708.551
5714.608
5719.454
5727.600
5732.482
5739.501
5745.487
5752.390
5757.143
5764.665
5769.039
5775.192
5779.647
5784.123
5789.916
5793.782
5799.390
5804.045
5808.271
5813.754
5819.977
5824.859
5829.794
5836.846
5842.279
5850.499
5855.737
5861.302
5867.114
5873.504
5879.854
5885.293
5891.280
5895.160
5901.764
5907.439
5912.441
5917.644
5925.210
5932.440
5938.740
5946.224
5953.512
5960.173
5968.716
5977.216
5986.934
5995.253
6004.139
6010.559
6018.483
6026.496
6039.277
6054.109
6070.363
6086.573
6102.536
6116.265
6140.514
6175.885
6223.393
6293.663
6406.301
6498.601
