346.281
433.234
437.113
442.383
444.186
447.815
455.208
458.004
460.498
463.949
468.451
471.830
474.252
476.719
480.116
482.169
484.094
484.908
486.551
489.585
491.157
491.731
492.258
492.933
493.690
494.553
495.524
496.280
497.831
498.767
500.586
502.371
503.550
504.818
505.712
506.588
509.140
510.846
511.912
513.005
514.651
515.618
517.610
519.701
520.840
522.720
523.632
524.942
527.434
530.245
531.769
533.564
536.025
536.731
538.433
540.329
541.817
544.917
546.673
549.072
550.206
551.162
552.617
554.795
557.353
558.782
559.465
560.419
561.720
562.969
564.466
568.718
570.153
572.195
573.819
581.303
583.008
585.230
590.100
592.333
597.677
605.449
612.710
627.732
638.878
652.734
662.797
679.999
698.570
721.737
740.757
752.184
766.590
784.968
796.962
809.855
825.528
875.283
921.135
959.552
