25.073
78.468
113.299
146.683
207.097
254.551
266.908
280.205
300.067
322.690
337.530
356.470
369.784
387.891
400.992
413.423
424.234
431.691
449.615
458.489
469.187
483.782
489.646
496.846
506.829
510.307
519.234
521.358
530.714
539.450
546.609
548.858
553.340
558.720
564.498
567.743
571.337
581.946
593.430
610.369
616.631
621.496
631.666
635.354
637.361
641.912
643.800
653.136
676.076
685.590
690.380
696.974
714.991
732.159
751.774
768.481
775.593
786.331
800.288
835.312
847.233
854.101
880.570
893.813
904.581
911.273
914.013
918.787
926.567
940.005
947.150
949.109
967.403
987.755
1005.252
1013.417
1019.029
1041.661
1080.637
1121.081
1130.381
1139.474
1164.059
1167.689
1185.000
1195.184
1204.996
1216.468
1223.318
1226.125
1238.719
1241.968
1249.423
1265.497
1270.403
1281.219
1282.507
1363.077
1391.268
1418.199
