519.157
589.206
1007.211
1359.544
1373.361
1389.659
1404.326
1407.426
1411.586
1418.197
1429.282
1437.712
1441.637
1445.976
1449.888
1453.760
1456.667
1458.786
1462.345
1465.212
1469.091
1476.749
1479.970
1482.115
1485.666
1489.934
1493.154
1496.652
1499.983
1502.396
1506.920
1511.169
1515.981
1520.810
1525.409
1527.895
1530.165
1535.457
1538.862
1544.627
1549.352
1552.418
1556.922
1561.089
1563.544
1568.669
1572.288
1575.397
1577.802
1582.416
1593.751
1601.571
1606.480
1611.740
1616.922
1623.409
1632.237
1641.272
1656.023
1666.310
1682.741
1689.907
1698.650
1701.334
1703.819
1708.478
1712.874
1715.590
1724.103
1730.350
1733.656
1736.758
1744.489
1749.252
1757.284
1761.229
1765.676
1772.141
1776.920
1785.069
1790.348
1796.253
1799.492
1805.947
1811.715
1817.410
1821.303
1825.276
1829.087
1835.334
1843.135
1851.055
1856.272
1862.092
1880.986
1896.029
1912.246
1931.367
1981.911
2102.920
