1592.143
2629.827
2669.897
2687.928
2700.852
2707.175
2715.890
2727.407
2738.380
2747.065
2753.693
2762.661
2770.298
2776.207
2783.501
2788.344
2795.950
2799.599
2806.197
2811.063
2813.202
2818.976
2822.303
2824.953
2830.530
2832.906
2835.574
2839.192
2843.290
2845.368
2849.274
2853.293
2856.030
2857.847
2860.861
2865.085
2868.454
2871.115
2876.103
2878.272
2881.103
2883.628
2886.274
2888.678
2891.459
2893.469
2896.554
2898.616
2900.294
2902.612
2905.736
2908.308
2910.947
2914.510
2919.212
2923.919
2928.459
2933.070
2937.023
2944.016
2949.570
2955.162
2959.785
2964.937
2969.917
2972.726
2977.502
2980.974
2984.936
2990.724
2993.974
2998.478
3003.621
3008.862
3014.882
3023.079
3033.358
3042.508
3048.234
3055.993
3063.869
3070.988
3076.409
3081.744
3090.450
3099.323
3109.395
3118.348
3126.419
3138.781
3151.801
3160.113
3170.307
3174.414
3184.089
3209.457
3227.389
3235.278
3295.758
3391.942
