9.512
20.765
25.996
32.786
36.152
41.302
44.220
45.736
47.345
49.176
50.892
52.282
53.768
55.561
57.160
57.864
59.065
60.369
61.540
63.848
65.629
68.393
69.654
70.767
71.532
73.033
75.136
76.903
79.381
83.293
87.863
91.078
94.463
98.166
99.953
101.266
102.639
104.888
108.380
111.782
113.121
114.056
116.684
119.068
120.508
121.793
122.846
123.513
124.013
124.807
126.290
126.922
129.295
129.942
130.458
132.487
137.447
141.674
142.895
143.895
145.756
150.822
151.714
153.048
166.580
170.514
173.920
174.492
178.775
181.700
182.423
184.584
188.750
189.087
190.146
191.605
195.798
196.904
199.920
202.919
210.257
211.554
212.433
220.236
231.628
232.767
251.892
261.688
262.881
278.396
279.912
282.760
282.896
283.883
286.403
290.486
325.284
330.703
336.829
348.040
