21.332
31.248
34.181
37.001
40.688
43.272
45.887
49.072
51.390
56.138
59.438
62.254
65.173
66.616
68.484
70.183
71.351
71.856
73.592
75.070
75.643
76.151
76.735
77.570
78.115
78.624
80.159
81.076
82.549
82.985
84.251
86.352
88.616
92.231
99.471
101.867
104.576
105.971
107.171
108.646
110.187
112.234
114.257
114.736
116.894
118.341
120.924
126.993
128.934
130.275
136.134
140.032
144.044
146.498
150.120
151.878
152.456
155.412
158.394
160.849
162.522
162.738
163.796
165.798
168.730
169.865
170.371
171.226
171.675
172.172
173.765
174.478
175.747
177.076
179.148
179.768
180.360
181.620
181.935
182.575
185.597
188.814
191.626
195.595
196.494
202.974
205.564
207.173
208.486
209.502
221.483
250.282
256.083
257.145
285.264
286.661
291.889
301.030
308.197
311.551
