45.162
90.987
108.193
135.297
160.838
175.205
187.158
198.354
205.937
212.141
224.965
232.734
241.096
247.513
254.590
261.533
266.974
276.969
285.788
292.720
301.122
317.792
330.514
341.228
352.995
366.101
372.712
378.588
385.176
390.857
395.751
405.631
417.760
421.386
428.899
451.842
465.530
471.033
477.109
492.350
510.574
525.912
547.974
560.693
579.255
592.143
594.964
596.028
602.867
613.636
618.995
623.319
635.443
643.064
645.122
646.276
654.997
666.769
678.675
689.123
695.985
732.075
794.771
823.336
842.156
902.669
959.000
972.584
975.371
981.242
1008.187
1028.604
1053.769
1069.111
1093.569
1098.803
1114.644
1143.555
1173.321
1198.775
1202.550
1204.784
1206.107
1230.636
1368.074
1377.146
1387.552
1391.449
1393.838
1397.044
1404.030
1407.411
1407.841
1416.003
1419.324
1426.879
1440.895
1559.708
1562.896
1594.725
