94.286
253.931
256.173
267.998
268.222
268.504
268.665
268.975
271.506
281.048
281.521
283.922
285.364
291.217
297.511
299.544
302.141
303.012
303.382
303.588
304.030
305.351
305.863
306.146
306.574
307.745
308.608
309.308
309.746
310.374
311.123
311.448
311.890
312.160
312.434
312.622
312.925
313.106
313.261
313.392
313.582
313.804
314.064
314.308
314.523
314.722
314.882
315.152
315.309
315.518
315.691
315.896
316.114
316.461
317.254
317.987
318.367
318.514
319.037
320.190
321.130
321.455
321.759
322.264
322.478
322.893
323.349
325.573
327.639
335.618
347.074
347.902
355.709
357.230
358.486
361.245
364.393
365.571
366.919
367.930
369.697
373.124
374.875
376.778
378.001
379.993
380.562
381.458
382.553
383.500
384.821
386.539
388.216
388.789
389.403
390.516
391.112
395.521
411.489
466.957
