669.442
1198.634
1725.174
1874.937
1901.887
1913.220
1923.481
1930.635
1941.440
1954.801
1970.873
1988.080
2000.233
2009.023
2017.325
2028.491
2036.833
2048.200
2066.705
2073.828
2086.016
2102.287
2127.076
2146.966
2165.606
2179.761
2199.368
2219.186
2227.850
2237.010
2252.253
2259.101
2264.776
2274.094
2284.727
2292.359
2297.034
2302.714
2308.992
2313.060
2316.073
2320.314
2326.073
2329.548
2333.098
2339.847
2343.372
2346.792
2350.012
2354.751
2358.638
2363.836
2368.526
2373.941
2380.335
2385.369
2388.865
2391.654
2395.817
2398.548
2402.904
2409.619
2415.006
2420.961
2429.763
2438.206
2443.340
2448.326
2457.787
2470.363
2478.515
2488.435
2499.660
2510.586
2526.498
2540.359
2553.888
2577.163
2592.725
2615.618
2637.954
2651.144
2667.079
2677.803
2695.660
2719.645
2742.732
2763.375
2783.598
2804.050
2831.249
2849.181
2873.105
2919.159
2993.897
3214.492
3334.254
3741.903
4165.699
8486.554
