547.056
578.660
1018.348
1368.987
1377.583
1387.616
1395.757
1397.381
1400.914
1403.562
1405.494
1406.543
1407.411
1408.376
1409.685
1411.079
1411.816
1412.823
1414.138
1419.208
1423.585
1427.902
1429.398
1433.969
1435.373
1436.776
1439.006
1441.002
1442.602
1445.888
1447.702
1449.036
1452.286
1455.570
1457.502
1460.668
1463.260
1468.824
1471.245
1474.919
1476.092
1477.662
1480.693
1483.849
1486.307
1488.222
1489.519
1492.805
1496.292
1499.027
1501.819
1505.324
1517.163
1531.850
1536.492
1544.503
1552.869
1556.713
1576.118
1586.979
1600.714
1617.237
1622.810
1641.346
1651.729
1661.027
1667.804
1678.390
1686.470
1692.724
1706.661
1715.340
1720.285
1725.266
1729.117
1731.128
1739.516
1745.596
1749.061
1754.080
1757.743
1760.142
1763.022
1772.352
1775.751
1780.289
1787.618
1794.974
1797.252
1801.627
1804.494
1806.471
1808.473
1810.168
1812.123
1823.909
1829.482
1836.921
1856.702
1879.693
