546.649
558.680
1014.243
1366.368
1383.763
1391.576
1402.832
1406.330
1410.086
1414.993
1420.649
1425.567
1433.898
1436.339
1438.616
1440.645
1441.570
1444.094
1445.977
1448.973
1451.281
1453.951
1456.196
1457.960
1459.468
1463.176
1466.265
1470.130
1472.196
1473.979
1477.741
1482.637
1484.849
1488.037
1494.464
1497.944
1501.080
1502.447
1504.249
1506.992
1511.482
1512.561
1513.831
1519.250
1521.422
1526.271
1532.765
1538.332
1540.874
1548.541
1556.900
1564.274
1578.008
1595.506
1609.616
1616.183
1632.764
1653.723
1663.375
1669.792
1676.880
1688.427
1699.437
1706.819
1712.816
1719.550
1723.632
1727.300
1737.522
1746.675
1751.467
1757.623
1761.527
1766.101
1771.357
1777.577
1781.268
1786.435
1787.901
1793.244
1797.123
1799.407
1802.561
1804.647
1806.947
1812.319
1817.299
1825.838
1833.959
1839.080
1843.148
1846.608
1859.751
1877.490
1899.050
1910.307
1935.501
1976.063
2003.379
2047.787
