299.675
451.591
456.113
462.034
466.066
469.028
471.489
476.818
478.284
480.125
483.258
486.211
488.226
490.110
491.442
493.038
494.696
496.272
497.582
498.462
499.521
500.129
501.233
501.930
502.995
505.099
505.901
506.707
508.268
510.185
512.667
513.483
514.942
516.133
516.567
517.105
518.215
519.705
520.605
522.167
524.628
525.904
526.877
527.714
528.864
529.890
531.183
532.414
533.534
534.452
536.975
538.773
539.720
540.530
541.221
541.911
542.456
543.287
544.098
545.093
548.684
551.141
551.776
552.477
553.061
554.449
555.690
557.222
561.331
562.387
564.191
565.876
568.745
573.692
576.624
579.036
580.874
584.091
587.976
589.059
590.436
596.700
601.920
606.603
613.851
623.119
627.742
636.468
658.592
667.554
681.059
689.382
699.946
719.664
735.051
757.740
781.542
834.185
856.125
919.822
