2243.859
2622.410
2653.759
2671.884
2687.123
2698.094
2705.769
2714.826
2721.762
2725.882
2730.508
2737.460
2745.032
2753.761
2761.554
2768.602
2773.806
2778.557
2784.009
2787.722
2792.268
2797.371
2800.702
2806.242
2810.722
2817.761
2823.236
2829.773
2832.956
2836.674
2841.841
2844.650
2848.401
2852.292
2855.405
2858.787
2862.208
2864.764
2867.629
2869.751
2872.787
2875.847
2878.716
2880.382
2882.393
2885.211
2889.336
2891.583
2892.937
2895.250
2898.976
2902.254
2904.446
2906.731
2908.905
2911.441
2915.127
2917.419
2919.995
2922.828
2928.134
2930.183
2931.546
2934.157
2938.859
2941.239
2943.396
2945.750
2949.788
2952.480
2954.434
2956.246
2958.181
2961.742
2963.615
2965.619
2967.719
2970.070
2973.600
2975.514
2978.878
2982.056
2986.474
2992.166
3000.896
3009.798
3014.303
3023.295
3031.625
3041.723
3059.112
3072.248
3097.877
3126.977
3153.176
3174.897
3201.253
3224.462
3249.391
3284.910
