705.620
1244.861
1720.372
1841.307
1861.326
1883.457
1889.807
1900.656
1911.727
1923.144
1931.372
1940.582
1949.150
1962.952
1976.163
1989.263
2017.297
2033.584
2047.413
2061.692
2080.070
2093.448
2104.244
2110.169
2114.515
2118.605
2124.236
2128.485
2134.908
2142.493
2154.229
2172.087
2183.533
2197.216
2211.132
2228.438
2239.265
2245.111
2250.165
2256.092
2262.360
2267.249
2271.812
2276.659
2282.141
2287.787
2291.540
2295.434
2298.920
2301.266
2304.169
2310.276
2315.196
2318.951
2324.801
2329.575
2336.738
2340.013
2344.519
2350.227
2359.877
2376.258
2393.439
2399.709
2409.701
2424.799
2438.800
2445.782
2454.973
2472.482
2494.450
2501.712
2515.395
2527.234
2538.480
2551.938
2566.809
2595.265
2616.134
2647.011
2660.555
2678.261
2689.415
2712.783
2748.796
2796.846
2909.614
2949.275
2962.177
2983.964
3012.062
3059.204
3109.316
3173.024
3325.762
3505.565
3720.894
3820.428
5143.022
6121.745
