3409.478
5293.696
5333.469
5357.720
5383.253
5399.566
5417.949
5431.008
5447.042
5458.347
5472.314
5487.584
5505.870
5516.956
5528.858
5540.306
5550.050
5563.278
5574.891
5584.617
5592.552
5598.937
5606.196
5613.311
5622.819
5631.700
5642.280
5652.170
5660.507
5666.626
5674.041
5681.364
5689.232
5697.619
5706.589
5715.189
5722.376
5728.159
5734.280
5740.973
5745.530
5749.790
5755.078
5757.728
5762.699
5767.353
5770.958
5775.676
5780.573
5784.581
5788.300
5792.753
5796.527
5802.381
5806.158
5810.081
5815.501
5820.008
5825.269
5831.583
5838.044
5843.158
5849.342
5853.204
5859.274
5863.685
5868.088
5875.312
5883.135
5888.934
5894.905
5899.950
5906.108
5913.133
5920.468
5927.016
5933.950
5939.612
5945.276
5951.942
5957.092
5964.356
5970.110
5979.127
5986.942
6000.095
6017.340
6030.769
6053.436
6068.177
6078.513
6089.101
6122.827
6167.788
6214.587
6242.673
6259.706
6281.166
6339.782
6475.552
