35.440
178.996
258.185
299.518
324.015
359.534
398.203
426.337
453.013
500.606
516.360
536.860
578.665
592.069
617.902
633.187
670.904
689.873
707.405
731.389
775.984
809.946
843.236
870.549
879.076
893.693
904.412
919.938
942.283
956.011
977.223
998.559
1013.994
1038.643
1061.289
1068.808
1079.155
1095.271
1108.959
1114.322
1150.319
1161.270
1172.163
1193.460
1204.498
1219.978
1224.510
1233.298
1250.555
1271.021
1274.718
1293.640
1303.102
1310.744
1334.778
1345.532
1352.684
1371.167
1393.297
1425.187
1490.163
1568.596
1613.530
1678.077
1732.340
1776.705
1812.875
1843.535
1889.406
1897.666
1935.041
2064.236
2110.032
2122.742
2151.989
2185.939
2190.695
2210.501
2229.217
2276.393
2292.229
2342.102
2353.114
2436.030
2541.463
2675.629
2788.331
2915.907
2958.936
2964.336
2985.204
2998.468
3069.319
3085.019
3093.638
3154.217
3169.912
3175.249
3206.876
3217.866
