111.740
213.354
270.973
290.053
296.416
299.392
299.849
301.361
301.852
302.334
302.826
303.395
303.929
304.406
304.639
304.756
304.836
304.919
305.128
305.424
305.729
305.911
306.142
306.627
306.906
307.204
308.066
308.187
308.434
308.746
308.992
309.215
309.324
309.468
309.672
309.932
310.346
310.564
310.948
311.209
311.814
312.046
312.317
312.647
312.936
313.010
313.154
313.316
313.411
313.551
313.618
313.704
313.826
313.978
314.154
314.735
315.274
316.133
316.621
317.257
317.450
317.569
317.708
317.920
318.106
318.377
318.662
319.244
319.790
320.300
320.659
321.321
321.992
322.323
322.690
323.269
323.839
324.120
324.470
324.889
325.574
326.423
327.341
330.649
331.633
332.566
334.476
336.502
339.614
352.247
356.041
356.758
357.530
358.364
359.464
361.475
363.319
364.868
371.314
388.143
